3.41874e-06 1.87482 -0.169611 0.151376 
0.913052 -1.94042 0.613421 3.12769 
0 -1.09698 0.8686 0.574205 
-5.17229e-07 -2.01335 1.21478 0.604123 
-0.00985462 2.25144 1.27425 -0.51953 
-5.73413e-05 1.11554 0.933009 -0.625628 
0.952083 -1.0897 -0.969685 2.47817 
0 -0.57055 -0.783698 2.16328 
-1.31715e-06 0.511025 -0.396508 1.76964 
-0.00973571 0.511037 -0.396508 1.76964 
-1.23325e-05 -0.639357 -0.806097 2.6335 
0.991095 0.853879 0.531171 -0.323 
0 2.5908 0.354771 0.813584 
6.0186e-07 2.48712 0.0905653 1.6969 
-0.00984594 2.13574 0.0212534 2.60761 
-3.35689e-06 2.03955 0.0212428 2.60757 
1.03009 -2.15009 -0.597649 -0.180057 
0 0.307521 0.417652 -1.32268 
-5.95846e-07 1.26985 0.956857 -0.291604 
-0.009801 2.37118 0.523025 0.978655 
5.84937e-05 2.27392 0.523009 0.978626 
1.07211 2.94832 -1.02986 -0.587516 
0 0.719503 -0.341917 -2.62185 
1.08712e-06 1.50885 -0.182543 -2.24488 
-0.00975735 0.592165 -0.151884 -2.4893 
3.16612e-05 -0.27968 -0.0603078 -2.71915 
1.11111 -0.102083 0.212057 -1.36446 
0 0.54142 0.755129 -1.22936 
1.91785e-08 0.810188 0.509937 -1.57394 
-0.00977803 0.94072 -0.000311375 -1.7119 
-2.22369e-05 0.844761 -0.000295669 -1.71191 
1.15313 0.384876 -0.764014 -0.66185 
0 0.884271 -0.207589 -0.212255 
-1.08099e-06 1.22951 0.0982021 -0.707768 
-0.00980461 1.22954 0.0981953 -0.707787 
2.30085e-05 1.96919 -0.0687539 -1.04036 
1.19212 2.1457 -0.955983 -1.51386 
0 2.11165 -0.705145 -2.09164 
-2.70187e-07 1.91828 -0.0138281 -2.62699 
-0.00982195 1.94707 -0.770973 -1.97466 
-3.049e-05 1.85182 -0.770973 -1.97464 
1.23109 2.20454 -1.23368 -2.38311 
0 0.996317 -0.487848 0.864179 
1.62878e-06 0.391042 0.123121 1.1401 
-0.00983349 -0.465533 0.512075 0.565971 
1.29163e-05 -0.561849 0.51208 0.565955 
1.27318 -0.553945 0.520913 0.582133 
0 -2.26294 0.20098 2.19192 
3.39173e-07 -1.99617 0.169322 1.63295 
-0.00982532 -1.85055 0.0269483 0.965997 
1.88139e-05 -1.94644 0.0269243 0.965972 
1.31218 -1.95943 -0.336502 1.0877 
0 -2.86444 0.284589 1.62139 
-1.5996e-06 -2.34637 0.346801 1.12275 
-0.00983128 -2.0428 0.418996 0.417406 
-7.4149e-06 -2.13892 0.419012 0.4174 
1.35122 -2.09601 -0.205625 0.791825 
0 -0.0714508 0.624804 -0.531396 
-1.38708e-06 0.56008 0.74349 -0.756551 
-0.00980142 0.560094 0.743524 -0.756522 
2.15099e-06 1.19876 0.892936 -0.857514 
1.39323 -1.18515 0.955605 2.81926 
0 -1.9873 0.904045 0.366042 
1.19166e-06 3.12129 0.832356 -0.956549 
-0.00978242 2.40199 0.451516 -1.77872 
5.02555e-05 1.98597 -0.0455746 -2.52886 
1.43222 2.07672 0.640944 -2.2131 
0 -1.86127 -0.838588 -2.3593 
1.75105e-06 3.04539 -0.933853 -0.877657 
-0.00977745 2.64233 -0.0802701 -0.290484 
4.79102e-05 2.53111 -1.05428 -0.502004 
1.47119 1.94655 -0.0213135 0.428245 
0 1.32369 0.0181064 -0.166 
1.7791e-06 1.91091 -0.842914 -0.435078 
-0.00981965 -2.43398 -1.18015 -2.25413 
6.2101e-05 -1.96707 -0.537927 -3.07308 
1.51022 2.31725 -1.05872 -0.82847 
0 1.46678 -0.278887 -2.76662 
-8.04305e-08 1.06844 0.42803 -2.74756 
-0.0097558 0.0703005 0.711634 2.81689 
-1.44604e-05 -0.950256 0.332171 2.18755 
1.55225 0.730325 -0.724657 -0.549067 
0 2.20269 -0.451545 1.45463 
-7.83109e-07 2.58137 -0.475271 0.384845 
-0.00985288 2.58135 -0.475279 0.384851 
-3.50126e-05 2.48463 -0.47528 0.384857 
1.59123 -2.50696 0.529705 -2.82876 
0 -2.85235 1.08243 -2.44123 
9.09178e-07 1.83285 1.18507 2.74101 
-0.00983986 1.83286 1.18507 2.74101 
-9.99499e-06 1.73683 1.18509 2.74107 
1.63328 -1.83899 -1.35268 -0.295867 
0 0.502449 -0.314944 -1.35083 
-1.48878e-06 1.27536 -0.402183 -1.76783 
-0.00978963 1.27535 -0.402181 -1.76782 
-2.96917e-05 1.21956 0.00122538 -2.57118 
1.67235 -1.11717 -0.68105 0.288159 
0 -0.205739 -0.134177 -0.162071 
3.9108e-07 0.581504 -0.813243 -0.803332 
-0.00981231 1.85313 -0.552028 -1.58014 
-2.77115e-05 1.75693 -0.552052 -1.58015 
1.71427 -1.74158 -0.512625 1.73864 
0 -0.39843 -0.0195614 0.872897 
1.38283e-06 -0.610558 -0.666047 1.70087 
-0.0098113 -1.63474 -0.832943 2.93977 
-2.64429e-05 -2.29402 -0.235275 -2.54806 
1.75329 -2.95309 0.818034 2.13245 
0 -0.556436 0.375291 0.213579 
1.20061e-06 0.193067 1.13578 0.665713 
-0.0097768 2.01181 0.873836 1.94131 
-4.12315e-05 2.62168 0.185159 1.97189 
1.78931 2.82176 -0.457565 0.715866 
0 0.63149 -0.139772 -0.907639 
-1.55473e-06 -0.276592 -0.309076 -1.06163 
-0.00976706 -1.33874 -0.388325 -0.77013 
3.93324e-05 -2.45518 -0.182954 -0.567287 
1.83127 -2.60166 0.522359 -1.55302 
0 -1.67458 -0.0490031 -2.4069 
-1.22929e-06 -1.35684 -0.24461 2.89886 
-0.00980523 -1.35687 -0.244619 2.8989 
9.91284e-05 -1.05929 0.231719 -2.66147 
1.87028 -0.455146 1.05967 -1.73682 
0 -1.55293 0.0917453 -0.302936 
-2.03297e-07 -2.41925 -0.288217 -0.24929 
-0.00975172 -2.41927 -0.288203 -0.249277 
7.02474e-05 -3.05482 -0.637798 -0.818283 
1.91238 2.8579 -0.563003 -0.153152 
0 1.41613 0.199395 -1.22671 
-4.96247e-08 0.730952 -0.54836 -1.19661 
-0.00983123 0.730942 -0.548363 -1.19662 
1.99638e-05 0.634882 -0.548347 -1.19662 
1.95132 0.782219 -0.318405 -1.51201 
0 -2.7755 -1.52473 0.422503 
-1.91639e-06 2.6354 -1.03008 0.50915 
-0.0098233 2.28037 -0.585081 0.325008 
6.97569e-05 2.18301 -0.585064 0.324995 
1.99333 2.10726 0.309658 0.888516 
0 2.06116 0.32725 0.855669 
2.37419e-06 2.36186 0.380276 0.411122 
-0.00983068 2.29633 0.448173 -0.457176 
-6.86241e-05 2.20109 0.448171 -0.457144 
2.03232 3.09905 1.00829 0.750278 
0 -2.32262 0.0963255 0.333324 
3.07545e-07 -2.65491 0.269875 0.542005 
-0.00978735 -2.48538 0.53474 0.747487 
-3.88549e-06 -2.5817 0.534771 0.747492 
2.07131 -2.53655 -0.478385 2.03059 
0 -1.51716 -0.753118 1.37162 
-1.23831e-06 -1.03168 -1.25684 0.637972 
-0.00983122 -1.03169 -1.25684 0.637977 
8.29003e-05 0.438902 -0.771305 -0.972689 
2.11332 0.376653 0.809456 -2.96449 
0 -2.43639 -0.169561 -1.58542 
5.50432e-07 -2.34152 -0.0473708 -2.45525 
-0.00985814 -2.14479 0.437095 3.05807 
8.833e-05 -2.24195 0.437127 3.05806 
2.15236 -2.41953 -0.766429 -2.23061 
0 -2.84733 -0.492666 -2.04311 
-3.49187e-07 2.86095 -0.0321682 -1.17962 
-0.00976576 2.86095 -0.032141 -1.17963 
4.12508e-05 -2.59045 -0.436986 -1.61333 
2.19133 2.4628 -0.182012 0.829843 
0 -2.54048 -1.28317 0.884533 
-1.85809e-06 0.621332 -0.867673 -2.1235 
-0.00978605 0.621299 -0.86766 -2.12348 
-2.1491e-05 -2.96631 -1.29192 1.334 
2.23038 2.49782 1.22223 -2.30369 
0 -2.25283 -0.040821 -2.47828 
3.28486e-07 -1.78568 0.442063 -3.10624 
-0.00978223 -2.13598 1.1086 2.19247 
-6.47165e-05 2.76316 0.871028 0.336107 
2.27238 -2.81231 -0.902654 -2.72465 
0 -0.684622 -1.08068 2.08762 
-2.18814e-06 -0.715372 -0.312316 2.62992 
-0.0097851 -0.715388 -0.312309 2.62991 
-1.83933e-07 -0.873822 -0.0733127 2.8938 
2.31135 0.659998 0.625557 -0.803996 
0 2.76487 0.435707 0.50928 
6.22088e-07 2.84462 0.430807 0.591642 
-0.00979754 2.93623 0.0908911 0.326335 
2.13374e-05 2.83966 0.0908912 0.326338 
2.35037 -3.05644 -0.30032 -1.81694 
0 -1.08141 -0.884728 -2.9534 
-5.45217e-07 -1.38892 -0.677471 -2.60164 
-0.00975035 -1.81738 -0.170254 -2.0575 
1.02377e-05 -2.06215 0.464507 -1.75077 
2.3925 2.1143 0.579046 1.94844 
0 -3.03089 -0.278944 2.35773 
1.29737e-07 3.09212 -0.599428 2.50647 
-0.0098001 2.52333 -0.52086 -3.12517 
3.36911e-05 2.42679 -0.520878 -3.12515 
2.43142 2.55425 -0.668483 2.93226 
0 0.672484 -0.551702 0.869343 
-1.61246e-06 1.69463 -0.251883 0.197854 
-0.0098115 0.878215 -0.313846 1.06398 
-5.77867e-05 0.782324 -0.313832 1.06401 
2.47345 0.377914 -0.758079 1.80911 
0 0.380064 -0.75501 1.81079 
-1.12472e-06 -0.199468 -0.209321 2.75928 
-0.00980601 -0.199473 -0.209314 2.75928 
-7.2709e-06 -0.295461 -0.209303 2.75928 
2.5125 -0.349954 -0.075912 -3.12683 
0 0.116909 0.383536 3.10241 
9.67326e-07 0.318776 1.01648 -2.34845 
-0.00980537 1.76652 0.955051 -0.504704 
-9.57812e-06 1.67107 0.955037 -0.504677 
2.54842 1.65954 0.853886 -0.518946 
0 -2.82743 -0.20467 0.158003 
-6.80468e-06 -2.93574 -0.149549 -0.768443 
-0.00980234 -2.93532 -0.149617 -0.768458 
2.65052e-05 -3.03261 -0.146361 -0.767274 
2.5935 -3.1337 -0.183882 -0.150312 
0 2.18355 0.549751 -0.521173 
-7.86933e-05 2.15537 -0.179453 -0.58623 
-0.00986502 2.15601 -0.179556 -0.586073 
-2.11022e-05 2.05972 -0.177854 -0.587817 
2.62954 2.06398 -0.214817 -0.608841 
0 0.626295 -0.654419 -2.22567 
-6.09293e-05 0.164647 -0.562365 -1.30291 
-0.00986346 0.165286 -0.562075 -1.30285 
1.11322e-05 0.0677941 -0.565398 -1.30413 
2.67163 0.374061 -0.439362 -1.91824 
0 1.5673 0.221353 -1.02833 
-5.69619e-05 1.3689 -0.0650576 -0.68059 
-0.00987364 1.36935 -0.0649716 -0.680168 
-2.82052e-05 1.2725 -0.064971 -0.681726 
2.71063 -0.321121 1.26382 -2.61208 
0 -0.4606 0.862503 -2.27735 
-3.7311e-05 -0.467266 0.614997 -2.02106 
-0.00994532 -0.467061 0.615503 -2.02137 
1.13953e-05 -0.566555 0.614075 -2.02084 
2.75264 0.330961 -0.744438 1.50585 
0 0.794638 -0.22233 1.86955 
-1.88954e-05 0.485879 0.0080527 1.55414 
-0.0101781 0.161984 0.173107 0.848433 
-6.44814e-05 0.0593491 0.172547 0.848222 
2.79163 0.0734335 -0.163512 -3.0294 
0 1.49401 0.616577 -2.28755 
-7.73526e-06 1.08771 -0.100068 -1.92437 
-0.0103534 0.392623 -0.280888 -1.38678 
-1.05579e-05 0.284004 -0.280964 -1.38684 
2.83364 -0.343787 -0.204351 0.504182 
0 -0.943683 -0.581701 0.80655 
2.28635e-06 -1.70383 -0.774108 0.983681 
-0.0105536 -2.80602 -0.99406 1.68788 
-3.27191e-05 -2.91834 -0.994045 1.6878 
2.87264 -2.17963 -0.399831 0.645536 
0 -3.07347 0.306204 1.03246 
6.34408e-06 -2.77534 0.406793 1.78254 
-0.0106316 -2.59362 0.130297 2.51584 
9.10328e-06 -2.70654 0.129985 2.51554 
2.90869 -2.78705 0.288073 2.13541 
0 2.82605 0.931033 2.15045 
1.14794e-05 -1.97484 1.16976 -2.98822 
-0.0106606 -1.05354 0.762647 -2.6474 
3.62343e-05 -1.16688 0.762858 -2.64767 
2.9537 -1.18748 0.705477 -2.68048 
0 -1.7795 1.04926 1.09326 
1.16886e-05 -0.98463 1.02119 2.41962 
-0.010662 -1.17977 0.452448 2.75991 
-2.15844e-05 -1.29249 0.452741 2.75947 
2.99276 -1.32078 0.143131 2.67272 
0 -1.19113 0.190882 2.52432 
1.21487e-05 -1.66392 -0.0674766 1.88716 
-0.0106409 -1.83842 -0.283145 1.20023 
-4.00131e-05 -1.95107 -0.283148 1.19982 
3.03172 -2.44199 -1.09606 1.89661 
0 -2.01456 -1.19196 1.59888 
1.53552e-05 -0.905704 -0.830133 1.10718 
-0.0106152 -0.311216 -0.148245 1.09089 
-1.45751e-05 0.0408616 0.677765 1.4948 
3.07071 -0.614683 0.290341 0.250469 
0 2.76615 1.25832 2.00711 
9.49117e-06 3.0637 0.994625 1.34204 
-0.0106154 3.06367 0.99368 1.34217 
-6.16912e-05 -2.77407 0.339481 1.28047 
3.1128 -2.75986 -0.313856 2.63849 
0 2.64316 0.487081 2.59276 
1.1264e-05 -2.99625 -0.155161 2.73343 
-0.010581 -2.14914 -0.83902 2.43225 
-4.091e-05 -2.95501 -0.0619585 2.83033 
3.15179 3.03253 -0.153907 -1.56675 
0 0.640658 0.312942 -2.97841 
8.0083e-06 0.495751 -0.589169 2.94186 
-0.0105392 0.495359 -0.588414 2.94235 
6.02357e-05 0.225159 0.170939 -2.81292 
3.19079 -0.298291 0.13404 1.34983 
0 -0.340199 0.0927848 1.36355 
8.97189e-06 -1.17647 0.576305 1.15587 
-0.0106337 -1.17706 0.576623 1.15496 
4.64451e-05 -1.29006 0.57677 1.15467 
3.2328 1.31275 -0.156392 -2.12245 
0 1.93445 -0.195243 -1.40806 
6.38981e-06 2.30139 0.270493 -2.20786 
-0.0105514 2.30147 0.269965 -2.20724 
2.09245e-05 1.95427 0.372036 3.04333 
3.26881 -2.36644 -1.02229 0.434876 
0 -0.500297 -0.903268 -0.855743 
6.73695e-06 -1.44568 -0.462671 -0.798064 
-0.010589 -1.4454 -0.462575 -0.79892 
-0.000108011 -1.55658 -0.462497 -0.799195 
3.31384 1.54083 0.758211 2.34852 
0 -0.76314 -0.636147 1.83316 
6.75789e-06 -0.131109 -0.335604 2.31361 
-0.0105317 -0.131143 -0.334939 2.31351 
3.27547e-05 0.732844 -0.325798 2.37483 
3.35284 -0.68852 -0.423832 -1.58473 
0 -0.767082 -0.468321 -1.5408 
5.15893e-06 -1.19006 0.376721 -1.86715 
-0.0105398 -1.19037 0.376953 -1.86777 
-1.26349e-07 -2.14343 0.958123 -2.56773 
3.39483 1.89026 0.147997 1.11504 
0 -2.15574 -1.3485 1.33435 
5.4929e-06 -1.66681 -0.498229 0.423236 
-0.0106337 -1.66657 -0.498283 0.422598 
-5.6744e-05 -1.7786 -0.498253 0.422365 
3.43086 -1.87227 0.934653 0.0751699 
0 -1.54123 0.540656 -2.11169 
6.60868e-06 -0.792175 0.147957 -2.41463 
-0.0105889 -1.61543 0.416638 -2.17037 
-2.06682e-05 -2.67309 0.760979 -2.26132 
3.46985 2.48017 0.605244 2.42299 
0 0.312456 0.359291 1.09133 
2.15368e-06 0.922096 1.09633 1.09655 
-0.0105883 0.922685 1.09658 1.09729 
8.00704e-05 0.810051 1.09665 1.09767 
3.51186 0.584452 1.18457 0.848227 
0 0.128848 0.92104 0.651144 
6.79273e-06 -0.719007 0.531427 -0.164382 
-0.0105876 -0.709244 -0.21191 -0.729715 
-5.16021e-06 -0.821102 -0.211724 -0.729816 
3.55089 -0.828701 -0.168928 -0.689827 
0 -1.95935 -0.324408 0.153092 
4.50639e-06 -1.88739 0.679172 0.299724 
-0.0104906 -1.88766 0.679083 0.299375 
3.79429e-05 -0.861124 1.45039 1.81532 
3.59291 1.33396 1.26667 -2.2599 
0 -1.09216 -0.207116 -2.44854 
7.26916e-06 -1.21187 -1.10187 -2.58311 
-0.0105447 2.77038 -1.03095 -0.385276 
1.07143e-05 2.09516 -0.238448 0.214381 
3.63194 2.74938 1.01049 1.47662 
0 -0.306476 0.371306 -0.206497 
4.76987e-06 -1.18963 1.19189 -0.727794 
-0.0104945 -2.80498 0.75103 -1.77011 
-5.95011e-05 2.7193 0.0780765 -1.61633 
3.67393 3.02529 0.420464 -0.495484 
0 2.90194 0.531542 -0.517952 
4.11e-06 2.41963 -0.338698 -0.513664 
-0.0105188 2.41958 -0.338753 -0.513613 
-4.13004e-06 3.028 0.108331 -0.125135 
3.71294 -3.00327 0.0756738 1.64261 
0 0.285549 0.481143 0.0989112 
3.58807e-06 -0.464474 0.918323 -1.05444 
-0.010502 -0.464553 0.918337 -1.05445 
4.10418e-05 -0.574636 0.918482 -1.05451 
3.74892 -0.999666 0.254919 -1.77236 
0 -2.69692 0.96171 0.181168 
1.50327e-06 -2.31899 0.776097 1.03846 
-0.0103679 -2.31899 0.776132 1.03852 
2.91321e-05 -2.74438 0.774694 0.692212 
3.79392 -2.29435 0.0132699 1.72637 
0 0.263563 1.08498 0.191617 
3.22594e-06 0.292021 0.520633 -0.506553 
-0.0104624 0.291976 0.520569 -0.506575 
-5.50383e-05 -0.18209 1.01517 -0.0853498 
3.82994 -1.01823 -0.294943 -1.60611 
0 -0.517019 0.0296681 -1.91822 
2.62175e-06 -0.879121 -0.172079 -1.41987 
-0.0104273 -0.879177 -0.172171 -1.41976 
5.12433e-05 -1.54939 -0.570947 -0.780008 
3.87196 1.58226 -0.0762293 2.3533 
0 2.06356 -0.213854 2.88027 
8.75554e-07 1.85328 0.274289 -2.72181 
-0.0103586 1.85321 0.274336 -2.72198 
2.87925e-05 1.65071 0.709375 -2.41024 
3.91098 -1.64283 -0.509692 0.719388 
0 2.90251 0.614148 1.46115 
6.86847e-06 2.2678 0.505014 0.553934 
-0.0104243 2.15485 0.075822 -0.237759 
1.52721e-05 2.0473 0.0757609 -0.237711 
3.95299 -2.03988 0.0459986 2.8374 
0 -2.49974 0.394468 -3.02925 
3.43659e-07 -2.35201 -0.284391 -2.87172 
-0.0104074 -2.35206 -0.284222 -2.87154 
-9.87803e-06 -2.9806 -0.947427 -2.54818 
3.992 -2.27799 0.451083 2.03141 
0 -2.48302 0.72175 2.33758 
2.93872e-06 -2.23656 0.511899 -3.12707 
-0.0104003 -2.41669 0.0367638 -2.63609 
1.30463e-05 -2.91593 -0.251231 -2.03246 
4.031 -3.02819 0.31747 2.18781 
0 -0.342045 0.0855877 0.5891 
2.41663e-06 -0.0219928 -0.572961 0.673508 
-0.0103483 0.616063 -1.22806 0.659271 
6.40693e-06 -3.08553 -1.15772 -1.46998 
4.073 -2.00513 0.264685 -3.11118 
0 -2.42861 0.679357 -2.51632 
1.52652e-06 -2.58188 1.49434 3.07464 
-0.0103441 -2.57969 1.49461 3.07688 
-1.47023e-05 0.373162 1.04994 -0.366322 
4.11204 1.08763 -0.145456 0.853889 
0 0.595619 -0.587276 0.340115 
5.4137e-07 0.284797 -0.403957 1.02923 
-0.0104567 -0.155596 -0.163087 1.70553 
2.46656e-05 -0.264938 -0.162973 1.70556 
4.15411 -0.0811328 0.300827 -2.7948 
0 -2.51187 -0.204368 -1.34116 
2.06058e-06 -2.12843 0.409115 -1.92043 
-0.0104483 -2.01227 1.10059 -2.5685 
-2.30509e-05 -2.11995 1.10056 -2.56867 
4.19305 -2.44954 1.26102 -2.92397 
0 -2.37323 0.620691 2.46694 
-1.13637e-06 -2.54513 0.967956 1.66481 
-0.0102888 -2.54483 0.968253 1.66517 
-2.43496e-05 -2.58569 0.460165 1.09614 
4.23216 -2.61049 0.489081 1.04215 
0 -2.46088 0.326626 0.919825 
2.7525e-06 -2.11227 -0.200526 1.5406 
-0.0103017 -2.62679 -0.652847 2.49802 
1.3094e-05 2.84616 -0.41571 -2.6779 
4.27112 2.65296 -0.138419 -2.02047 
0 0.0764871 -0.568646 2.60719 
2.64438e-06 -0.504693 0.114729 2.30989 
-0.0103309 -1.16055 0.422861 1.46762 
-5.94807e-05 -1.63065 0.192232 0.502716 
4.31004 -1.62965 -0.186553 0.527119 
0 -1.06728 -0.0778444 0.05143 
1.56315e-06 -1.17306 0.485948 -0.770931 
-0.0103152 -1.17294 0.485814 -0.77057 
-1.54546e-06 -0.932467 0.324419 -1.51349 
4.35212 -0.431288 -0.866723 -2.79626 
0 -0.826906 -1.04149 -2.57751 
1.13498e-06 0.167291 -0.813226 -2.67699 
-0.0103545 1.14435 -0.809534 -2.84764 
1.40476e-05 1.0364 -0.809503 -2.84755 
4.39112 1.22106 0.168074 2.97814 
0 1.82898 0.191427 -2.79817 
6.30627e-07 2.42704 0.0499912 3.06563 
-0.0103108 2.42703 0.0502203 3.06543 
1.22716e-05 2.3209 0.0501636 3.06546 
4.43315 -2.94718 0.805578 -1.41994 
0 -0.546522 0.382015 2.94506 
1.62478e-06 -0.913054 0.442293 -2.64434 
-0.0102473 -0.912943 0.442087 -2.64404 
-6.46976e-05 -1.31773 -0.112496 -1.92328 
4.47216 1.12662 -0.933342 1.61802 
0 1.48852 -0.469041 -2.9836 
-1.29785e-06 0.980006 0.0358364 -2.16504 
-0.0102559 0.979969 0.0356895 -2.16526 
-4.80144e-05 0.914163 0.749788 -1.73346 
4.51417 -1.05899 -0.440976 1.6632 
0 0.501515 0.78012 1.33327 
3.20411e-07 -0.207245 0.509978 1.07664 
-0.0102846 -0.207216 0.509736 1.0767 
2.23039e-05 -1.06729 0.244053 1.46675 
4.55315 0.939925 -0.69427 -1.3944 
0 2.2545 -0.999345 1.51794 
1.95225e-06 3.01237 -0.461832 0.305398 
-0.010294 2.99947 0.0278525 -0.545686 
-4.53313e-05 2.51452 0.284428 -1.47828 
4.58916 -2.63899 -0.502804 2.0235 
0 -0.0522497 -0.11195 0.569542 
-2.21078e-06 0.0312525 0.301242 -0.323829 
-0.0102948 0.0312569 0.301088 -0.323834 
2.84731e-05 -0.0748876 0.301132 -0.32386 
4.6342 0.161149 -0.260101 2.58624 
0 -0.356318 -0.735426 2.63869 
3.15456e-06 -0.0381268 0.0791191 2.23631 
-0.0103252 0.232673 0.703586 2.31725 
-4.25116e-05 0.127128 0.703638 2.31727 
4.67018 0.317794 -0.637566 -1.53859 
0 1.02877 0.0102937 -1.01696 
-4.13354e-07 0.591983 0.0758583 -1.12558 
-0.0103408 0.414441 0.154368 -1.06724 
1.5988e-05 0.308055 0.154393 -1.0672 
4.71221 0.0734512 -0.345502 0.762634 
0 2.31059 0.302015 2.11157 
-6.68651e-07 2.05509 0.389409 1.76606 
-0.0101873 2.05507 0.389434 1.76601 
-1.00198e-05 2.25869 0.505923 2.41279 
4.75119 2.15537 -0.0425787 1.9966 
0 -0.111483 -1.16679 0.368145 
3.52802e-06 -1.55346 -0.673629 1.70718 
-0.0102417 0.0122508 -1.07744 0.217617 
5.02024e-05 0.791438 -0.309803 -0.598 
4.79322 0.748378 -0.417275 -0.482854 
0 1.27025 -0.07491 0.0617288 
-7.5005e-07 1.60029 -0.906209 0.335628 
-0.0102706 1.60024 -0.906211 0.335729 
-1.42e-05 -0.854983 -1.18667 2.45892 
4.83221 -1.30792 0.216341 -3.0778 
0 -2.51845 1.03402 -1.19341 
2.67484e-06 2.89586 0.336671 -1.94259 
-0.0102224 2.61785 -0.484791 -2.26953 
-3.2841e-05 2.58586 -1.31051 -2.70362 
4.87121 -2.42456 -1.27583 2.27257 
0 0.371474 -0.455347 0.685262 
-5.00266e-07 0.249421 0.434089 0.545092 
-0.0101957 -0.45135 1.32983 -0.134683 
-4.03416e-05 -0.556125 1.32987 -0.134717 
4.91321 -1.23432 0.91353 -0.86756 
0 -1.42341 0.557232 0.671087 
-3.29734e-06 -1.13185 0.746423 0.0556614 
-0.0102562 -1.13197 0.746491 0.0554614 
4.0278e-05 -1.23772 0.74649 0.0554203 
4.95221 -1.29781 0.479215 -0.0487078 
0 -1.22926 0.522531 -0.204001 
7.47483e-07 -1.94541 1.09092 -1.31849 
-0.0101863 -2.47886 0.743436 -2.36252 
1.77382e-07 -2.54047 0.253799 -2.9315 
4.99424 -2.49109 0.0178917 -2.6128 
0 -2.88236 0.39739 -2.42481 
4.21497e-06 2.95717 -0.273423 -2.48997 
-0.010163 2.65848 -0.674784 -2.15283 
-3.91185e-05 2.39605 -0.644974 -1.60206 
5.03325 2.2712 0.42094 -0.697159 
0 0.852076 0.412014 -1.67714 
7.83726e-07 1.32339 -0.103822 -1.6203 
-0.0102189 1.86087 -0.848004 -2.06478 
1.60207e-05 1.75671 -0.847989 -2.06471 
5.07225 1.70504 -0.272376 -1.96755 
0 1.2306 -0.342038 -2.64719 
-2.93597e-06 1.63844 0.329783 2.98235 
-0.0102313 1.6585 0.799931 2.10379 
-2.0826e-05 0.891318 0.972757 0.679746 
5.11127 -1.18014 0.272087 -1.76457 
0 -1.12544 0.302496 -1.83593 
8.60353e-07 -0.376973 -0.340969 -1.64062 
-0.0101872 -0.986433 0.245367 -2.12932 
-6.06278e-05 -1.08997 0.245422 -2.12935 
5.15023 0.216074 -1.08838 2.21809 
0 -3.11724 -1.42205 -1.36765 
1.77896e-06 0.0171229 -1.20305 1.0458 
-0.0101773 0.0171125 -1.20278 1.04581 
3.65147e-05 -0.0873508 -1.20274 1.04576 
5.19224 0.517825 1.12801 -1.63636 
0 -2.02552 -0.191637 -0.490867 
1.24071e-06 -2.48238 -0.312787 -0.0896352 
-0.0102177 3.03866 -0.312348 0.386566 
-4.07289e-05 2.02846 -0.159588 0.887499 
5.23125 -2.12149 0.555299 -2.49308 
0 -2.28991 0.9395 -1.81376 
6.69166e-06 -2.76798 0.959208 -1.2658 
-0.0102225 1.9127 1.411 -2.0446 
7.0775e-06 0.543232 0.704553 -2.674 
5.27326 -0.543282 -0.689539 0.506553 
0 -1.08732 -0.903326 0.827733 
1.89939e-06 -0.940825 -0.200467 1.47305 
-0.0101467 -0.192083 0.3912 1.87284 
5.27445e-05 0.453514 0.276951 2.84383 
5.31227 -0.5141 -0.124476 -0.0207647 
0 2.61715 0.795563 1.35594 
-4.06423e-07 2.5204 0.479209 0.349795 
-0.0102189 2.52048 0.47897 0.349988 
-5.28719e-05 2.41731 0.478964 0.349988 
5.35428 -3.10163 -0.830726 -1.76136 
0 -2.19708 -1.26667 -2.21832 
-1.72645e-06 -2.08337 -0.644966 -3.02273 
-0.0102196 -2.08318 -0.645109 -3.02305 
-9.8487e-06 -2.18684 -0.645121 -3.02307 
5.39329 -2.69509 1.03951 1.76606 
0 -2.56546 0.751892 1.51014 
2.31646e-06 -2.72333 0.826658 2.38304 
-0.0101372 -2.72346 0.826405 2.38288 
-2.75688e-05 -3.13309 0.537989 2.80662 
5.4293 2.63805 0.18734 1.54105 
0 0.515291 0.196708 0.176616 
-1.98469e-06 0.622609 0.360256 -0.658085 
-0.0101155 0.622672 0.360475 -0.657917 
-3.49722e-05 1.09599 0.422002 0.408616 
5.47128 1.09173 -0.42578 0.827216 
0 2.35215 -0.86162 2.94249 
3.69528e-07 1.81282 -0.720288 2.60077 
-0.0102026 0.810518 -0.611632 2.70639 
-4.10462e-05 -0.200934 -0.484667 2.65101 
5.51029 -0.414016 -0.316512 -3.08154 
0 -0.605512 -0.455662 -2.99769 
-1.832e-06 0.176586 0.118068 3.11807 
-0.0101179 1.18103 0.299674 -2.95093 
-0.000101417 2.11186 0.2282 -2.67139 
5.55239 2.11116 -0.202175 -2.92954 
0 1.59795 -0.0421347 2.81471 
1.94858e-06 1.77561 -0.331785 1.83463 
-0.0101381 1.77552 -0.331825 1.83483 
-2.367e-05 1.67274 -0.331858 1.83483 
5.59131 1.68752 -0.542202 1.80599 
0 1.78596 -0.585277 2.10791 
9.21003e-07 2.35719 -0.760619 2.63151 
-0.010134 2.01067 -1.02858 -2.44168 
-5.61699e-05 1.90863 -1.0286 -2.44162 
5.63335 1.77472 -0.577232 -2.26177 
0 1.19828 -0.801501 1.935 
1.68908e-06 0.352105 -0.260395 2.70338 
-0.0101452 0.161554 0.388269 -2.93652 
2.7203e-05 0.459947 0.595518 -1.94021 
5.67237 0.117162 0.72701 -2.49119 
0 -2.88344 0.343647 -0.767072 
-2.08999e-06 3.05081 0.723137 -1.73152 
-0.010151 3.0508 0.723145 -1.73152 
-3.4365e-05 2.94811 0.723099 -1.73151 
5.71135 -2.6502 0.562207 -0.64496 
0 -0.772752 0.260693 -2.3611 
-1.22511e-06 -0.882942 -0.685799 -2.67401 
-0.0101537 -0.882965 -0.685821 -2.67397 
-3.81575e-05 -0.985886 -0.685836 -2.67399 
5.75342 0.971348 -0.731078 1.29534 
0 0.981534 -1.04432 0.594305 
1.80947e-06 -0.24196 -0.978867 2.46875 
-0.0101283 -0.351099 -0.147064 2.97525 
6.66616e-05 -0.704299 0.66882 3.06254 
5.79242 -0.706808 -0.681508 1.7702 
0 1.85483 0.674212 2.54072 
2.16021e-07 1.80347 0.897606 1.66967 
-0.0101236 1.80326 0.897641 1.66943 
-2.81537e-06 2.22472 0.605226 2.87456 
5.83438 -2.11482 0.2205 -0.815246 
0 -0.447653 0.904414 -2.6678 
1.94576e-06 0.0908947 0.211856 -2.85337 
-0.0101054 0.427204 -0.503424 2.81566 
-4.5599e-05 1.28606 -0.759978 1.67546 
5.87038 -0.865146 1.24845 -0.994659 
0 -1.54264 0.214602 1.09779 
-1.80166e-06 -2.04193 0.820309 0.173144 
-0.0101114 -1.50057 0.146925 0.949336 
3.67575e-05 -1.61649 -0.642006 1.4988 
5.91243 1.81823 1.38282 -1.4387 
0 2.67348 1.24262 -0.778165 
-4.03043e-07 -2.58512 0.529551 0.410018 
-0.0101935 -2.58508 0.529688 0.410117 
-2.30769e-05 -2.68832 0.528859 0.409613 
5.95138 2.53793 -0.335642 -2.37359 
0 1.9666 0.0559149 -2.84883 
-4.67559e-07 1.23664 0.0337735 -2.34085 
-0.0100469 0.513559 0.332626 -1.82361 
-1.01472e-05 -0.289976 0.896167 -1.62312 
5.9904 0.840562 -0.47757 0.695071 
0 0.53338 -1.06906 0.0502303 
2.22658e-06 -0.683286 -0.982998 0.420053 
-0.00997834 -1.63424 -0.499951 0.520652 
4.91165e-05 -0.773651 -1.22559 0.110375 
6.03238 -1.31094 -0.372551 0.78206 
0 -0.343489 0.208133 0.17659 
6.83393e-07 -0.387714 0.515687 1.03647 
-0.0101442 -0.653329 0.751642 1.58698 
-7.69319e-05 -0.756603 0.752985 1.58542 
6.07142 0.945271 0.407149 -2.46676 
0 0.0628005 -0.292447 -2.84101 
-4.16547e-07 0.504657 -0.405357 2.46429 
-0.0101113 1.183 -0.22088 1.74614 
-2.92664e-05 1.50969 0.275211 1.23776 
6.11345 1.49159 -0.677416 1.29911 
0 1.70724 -0.866628 -2.27009 
-1.26937e-06 0.645635 -0.677638 -1.8248 
-0.0100526 0.645676 -0.677677 -1.82483 
-9.51069e-06 0.542982 -0.676817 -1.82413 
6.15249 -0.33851 -0.785512 -0.609447 
0 2.89198 -0.234229 0.990537 
-3.12281e-06 2.44322 -0.211775 0.920475 
-0.0100391 2.44325 -0.211755 0.920458 
6.10163e-05 2.34277 -0.211253 0.920004 
6.18844 2.60647 -0.657143 0.316851 
0 0.640449 -0.51854 -1.6956 
9.74634e-07 0.142794 -0.364485 -1.34309 
-0.0101069 0.106025 -0.00724356 -1.40428 
1.47908e-05 0.28293 0.400384 -1.55619 
6.23346 0.371092 0.318906 -1.30831 
0 -1.6887 -0.803792 -0.505359 
-5.18537e-07 -1.95245 -1.32222 -0.187345 
-0.0100815 -1.51071 -1.47772 -0.726307 
1.99953e-05 -1.06726 -1.24357 -1.63265 
6.26948 -1.29796 -0.958326 -1.37623 
0 -1.03358 -0.911852 -1.55828 
-1.20493e-06 0.375069 -1.08092 -2.572 
-0.0100343 1.38005 -0.711879 -2.80574 
2.46006e-05 1.99934 -0.349282 -2.61564 
6.31151 2.01049 0.335125 -2.3086 
0 1.44944 0.399395 -2.73113 
-1.80431e-06 1.23112 0.904688 -2.14521 
-0.0100024 1.99087 1.15026 -0.775986 
6.51907e-05 2.52362 0.852458 0.477584 
6.35048 -2.25854 0.530578 2.42513 
0 -1.58153 1.37875 -1.66197 
-3.00463e-06 -0.980117 1.44282 -1.8957 
-0.0100523 -0.981781 1.44297 -1.89738 
-6.18754e-05 1.08087 1.23575 -0.597081 
6.39252 -1.28796 0.984441 -3.04047 
0 -1.39931 1.03079 2.87152 
-4.39624e-07 -1.38585 0.151799 2.54341 
-0.010012 -1.14642 -0.554072 2.15099 
-1.73567e-05 -0.385351 -0.963302 1.25415 
6.43152 0.989914 0.258395 -0.941551 
0 -0.415583 -0.921812 -1.28574 
8.42087e-07 0.813667 -0.594341 -2.25119 
-0.0100503 1.23924 -0.0191808 -2.50457 
-3.09726e-05 1.13911 -0.0192395 -2.50482 
6.47353 -0.407013 1.09538 1.74482 
0 -0.473415 0.913838 1.90368 
1.44455e-06 -0.522749 0.518962 1.96507 
-0.00998032 -0.206511 -0.0390852 2.0643 
1.50626e-07 0.262048 -0.73807 1.99631 
6.51262 0.603289 0.505104 0.192824 
0 -3.0725 -0.0815169 1.59744 
6.35004e-07 -2.40693 -0.851922 1.5353 
-0.00993257 -0.215692 -1.39495 -0.178157 
-7.03647e-05 0.820227 -0.672427 -0.822942 
6.55162 -0.756236 0.747413 2.43023 
0 -2.21941 0.508633 -1.73999 
2.24217e-06 -2.04578 -0.344755 -1.56388 
-0.0100262 -2.09912 -0.954616 -1.46961 
1.47622e-05 -2.19938 -0.95461 -1.46959 
6.59362 2.00198 0.671308 1.41208 
0 2.90782 0.140494 1.87189 
1.98744e-06 2.94046 0.231476 2.0718 
-0.0100211 2.67051 0.33874 1.85537 
5.98063e-06 2.11691 0.198414 1.34402 
6.62962 -2.10385 -0.0603293 -1.86564 
0 -0.0880283 0.833527 2.94347 
-3.33285e-07 0.524494 0.478706 -3.04485 
-0.00997418 0.524592 0.478964 -3.04468 
-2.46026e-05 1.02255 0.472058 -2.77558 
6.67462 -0.849574 -0.764103 0.0812384 
0 -0.344104 -0.467661 -0.163412 
3.19191e-06 -0.390816 -1.03513 -0.229647 
-0.00997438 -2.65303 -1.1704 1.9589 
-4.9359e-05 -2.75245 -1.1704 1.95884 
6.71062 -2.02613 0.611092 0.534704 
0 -2.01071 0.593535 0.490335 
-1.09233e-06 3.06748 0.826152 0.0406696 
-0.0099787 3.06753 0.825877 0.0406997 
4.8306e-05 -2.52971 0.244436 0.0446926 
6.75263 3.05242 0.657952 -1.30768 
0 -2.53158 -0.0315658 -1.49644 
-1.82329e-06 3.10454 0.366446 -0.972436 
-0.0100413 3.10455 0.366214 -0.972427 
4.16173e-05 3.00419 0.366193 -0.972459 
6.79162 2.7681 0.0183817 -2.15596 
0 0.609937 0.214878 2.73998 
-8.5702e-07 1.11348 0.135647 -2.65613 
-0.00995878 1.57603 -0.0798945 -1.87306 
-9.22194e-05 1.68254 -0.51803 -1.14738 
6.83062 -2.01287 -1.33088 2.48342 
0 -2.82722 -1.10775 3.03778 
7.19625e-07 -2.7914 -0.357578 2.69644 
-0.0100432 -2.7914 -0.357743 2.69637 
-0.000112318 -2.89046 -0.357766 2.69635 
6.87265 -2.76021 -0.218575 2.25853 
0 2.95906 0.324223 2.31207 
-1.44331e-06 2.42249 0.0625309 1.79336 
-0.0100474 2.36172 -0.088101 1.41384 
-2.2931e-05 2.26158 -0.088116 1.41383 
6.91162 2.47412 -0.62831 0.843416 
0 1.92475 -0.163853 0.182344 
1.0454e-06 1.41035 0.0388314 0.694757 
-0.00985408 1.08403 0.0535335 1.32946 
-1.75345e-05 0.732358 0.284055 1.92807 
6.95367 0.771371 -0.0825754 2.31553 
0 3.04409 -0.787406 -2.31394 
1.76664e-06 -3.00318 -1.08982 -1.81576 
-0.00977484 -2.9458 -0.976228 -1.12132 
8.97776e-06 -2.76816 -0.472679 -0.713605 
6.99266 -2.74081 0.439264 -2.4122 
0 -2.32593 0.0511654 -2.68727 
2.07703e-06 -2.97145 0.553204 -2.45349 
-0.00950297 2.49305 0.740034 -2.60313 
2.18e-05 1.46856 0.757709 -2.90331 
7.02863 1.48423 -0.822913 -2.7729 
0 1.6429 -0.835829 1.66201 
2.28345e-06 0.775172 -1.28494 1.95223 
-0.00952721 -0.46456 -1.27453 2.78977 
4.09315e-07 -0.842293 -1.07196 2.69941 
7.07364 -1.21614 0.376419 -2.7723 
0 -2.31896 0.923805 -0.692432 
1.9618e-06 -2.87844 0.99673 -1.44559 
-0.00956582 2.58343 1.07894 -2.55593 
4.05528e-05 1.55382 0.8976 2.51558 
7.10965 1.56561 -0.554122 2.55133 
0 1.24098 -0.82382 0.95096 
2.58646e-06 0.939302 -0.803928 0.360239 
-0.00961594 0.910959 -1.07531 -0.545823 
-8.39623e-05 2.46295 -1.33941 -2.96848 
7.15164 -1.86082 -0.924079 1.28528 
0 2.95967 -0.0398976 1.8602 
1.62218e-06 2.17531 -0.646068 2.49032 
-0.00956961 2.17527 -0.646086 2.49035 
-1.5015e-05 2.08384 -0.646094 2.49036 
7.19066 2.13416 -0.746141 2.41201 
0 1.68968 -0.391971 1.34735 
-3.06614e-06 2.6382 -0.0619044 1.28386 
-0.00955129 2.63819 -0.0619385 1.28388 
8.89384e-05 2.54606 -0.0621272 1.284 
7.23265 2.56366 -0.155578 1.14097 
0 3.11033 -0.736211 1.33981 
3.06671e-06 -2.59578 -0.975347 1.58275 
-0.00955646 -2.22542 -1.15574 2.05058 
8.12101e-06 -3.05852 -1.22871 -2.7286 
7.27167 1.92326 -0.229896 -1.16208 
0 0.933865 -0.419817 -2.38176 
-1.47371e-06 0.0578744 -0.0979588 -2.34406 
-0.00958137 0.0578464 -0.0979005 -2.34406 
-7.87626e-06 -0.347088 0.316878 -1.88272 
7.31369 -0.362216 0.298645 -1.9345 
0 -1.98501 -0.255583 -0.778453 
2.45929e-06 -1.36393 -0.29165 -0.529609 
-0.00957715 -0.668976 -0.328591 -0.0685049 
1.32251e-05 -0.759696 -0.324374 -0.0723202 
7.34977 -0.214324 -0.787963 -1.00531 
0 -2.97994 -0.744108 0.708937 
2.05604e-06 2.92071 -0.608781 1.82021 
-0.00957511 2.78286 -0.00848297 2.43023 
1.1276e-05 2.69015 -0.013641 2.43244 
7.38868 -2.97252 0.416121 -1.87691 
0 -1.77774 -0.36431 -2.57928 
-1.98649e-06 -1.75528 -0.620381 -1.7031 
-0.00967609 -1.7552 -0.620393 -1.70319 
0.000130733 -1.84679 -0.621591 -1.7094 
7.43381 1.84285 -0.577577 1.12049 
0 1.46359 -0.502506 0.14637 
-1.45121e-06 2.18441 -0.135647 0.131173 
-0.00967679 3.11469 -0.0410058 0.317138 
-5.80241e-05 3.02246 -0.0444098 0.31742 
7.46977 -3.02218 0.0617411 -3.04962 
0 3.09054 0.232347 -3.04373 
-3.6601e-06 2.27708 0.797853 2.3571 
-0.00966166 2.27717 0.797797 2.35719 
-2.32917e-05 2.18649 0.796508 2.35964 
7.51177 3.04451 -1.13654 0.428584 
0 0.29786 -0.856873 -1.96502 
-2.71128e-06 1.7795 -0.720859 -3.12316 
-0.00965308 1.77943 -0.720878 -3.12304 
9.0474e-05 1.68393 -0.721021 -3.12169 
7.55077 -1.6704 0.367801 0.0359968 
0 -1.84814 0.424056 0.352935 
-6.41548e-06 -1.45036 -0.297087 0.347049 
-0.00969052 -1.45026 -0.297069 0.346889 
-4.03992e-05 -1.54364 -0.297075 0.346932 
7.59278 0.302147 1.53767 2.22864 
0 -0.626366 0.492876 2.53566 
-2.61881e-06 -1.58917 0.394555 2.05822 
-0.00951861 -1.58922 0.394553 2.05805 
5.13484e-05 -0.725504 0.649147 2.06943 
7.63177 0.888494 0.29252 -1.86104 
0 0.960056 0.326854 -1.81328 
-3.94901e-06 0.16123 0.224918 -1.44924 
-0.00964337 -0.170713 0.542557 -0.754097 
-3.82471e-05 -0.292155 1.01119 0.0317236 
7.67077 0.934207 0.520909 1.5928 
0 -1.34713 -0.916335 1.87222 
-5.92061e-06 -0.899721 -0.291509 1.02009 
-0.00976666 -0.899651 -0.291392 1.01994 
6.90067e-05 -0.994231 -0.291726 1.02038 
7.71278 -0.971597 0.383562 1.45455 
0 -0.816344 0.541881 1.23545 
-2.46847e-06 -2.10077 0.881119 0.186422 
-0.00969589 -0.692932 0.702692 0.986381 
4.48743e-05 -0.786309 0.70224 0.98691 
7.75177 -0.53265 0.899743 1.33872 
0 -2.66727 1.11443 -2.09187 
-8.12044e-07 0.263064 1.40426 1.61851 
-0.00970311 -0.53703 0.660771 1.43274 
2.73355e-05 -0.630563 0.660394 1.43302 
7.79379 -0.822125 0.360313 1.04952 
0 -0.301504 1.18382 0.373274 
-1.6176e-06 0.277726 0.329171 0.448903 
-0.00963541 0.473353 1.07616 1.23238 
-3.82182e-06 1.94053 0.901488 3.00092 
7.83279 2.34304 1.24246 -2.82841 
0 2.10541 1.28385 -3.00646 
-2.71005e-06 -2.2646 0.964063 -1.21543 
-0.00964431 -1.53863 0.437134 -0.919497 
2.35399e-05 -1.12213 -0.128266 -1.00928 
7.87481 -1.06295 -0.485389 -1.20031 
0 3.00666 0.442176 -0.0398435 
-2.44418e-06 -2.40794 0.801408 0.585936 
-0.00964384 -1.11758 0.58912 1.46036 
4.20359e-06 -0.651909 0.0324089 1.78295 
7.91081 -0.156768 -0.636547 0.417513 
0 -0.378182 -0.809132 0.480482 
-3.06828e-06 -1.1184 -0.583831 1.38347 
-0.00971405 -1.11822 -0.583732 1.38323 
0.000104152 -1.21357 -0.583817 1.38337 
7.94981 0.721576 -1.16 -0.737234 
0 2.36888 -0.707888 2.26882 
1.16931e-06 2.71907 -1.40928 2.22138 
-0.00970096 0.0947889 -0.86747 -1.12567 
-5.83563e-05 0.00174568 -0.86785 -1.12568 
7.99186 0.865133 0.0985589 -2.78906 
0 -0.468436 -1.06847 -3.0381 
4.01084e-07 -0.21256 -0.777774 -3.07452 
-0.00967066 -0.398747 -0.4482 -2.73407 
5.89045e-05 -0.493091 -0.448694 -2.7338 
8.03084 0.321315 -0.580779 2.098 
0 0.283302 -0.626428 2.08071 
-1.75876e-06 1.52835 -1.02221 0.934716 
-0.00961664 2.55698 -0.730356 0.0473901 
0.000102073 2.8618 -0.572808 -0.368532 
8.07284 2.93172 0.598405 1.91119 
0 -0.409799 -0.00723765 0.367052 
2.0498e-06 -0.366946 0.118247 0.697804 
-0.00972611 -0.243564 0.222289 0.667122 
1.37108e-05 -0.338527 0.221923 0.667251 
8.11187 0.30784 -0.269798 -2.34835 
0 -0.0835594 -0.673605 -2.39904 
7.50408e-07 -0.247192 -0.609019 -2.15517 
-0.00966568 -0.247159 -0.608823 -2.15523 
2.25577e-05 -0.961131 -1.15599 -1.79035 
8.15387 1.04466 1.07315 1.438 
0 -1.83935 -0.425117 2.02363 
2.07007e-06 -1.60926 -1.00053 1.60701 
-0.0097522 0.111621 -1.38188 -0.217207 
-1.07972e-05 0.0177173 -1.38213 -0.217156 
8.19289 -1.00155 1.24189 1.93133 
0 -2.02324 0.401172 -1.40481 
2.12769e-06 -2.27852 -0.378507 -1.02534 
-0.00967958 2.9742 -0.691582 -0.33139 
1.25985e-05 2.88106 -0.690463 -0.331741 
8.22889 -2.41229 -0.0291741 -2.26031 
0 0.180886 0.855486 2.49803 
-1.04435e-06 -1.60686 1.51819 1.42925 
-0.00968716 -1.6095 1.51818 1.42665 
-1.45211e-05 2.86329 0.7454 0.296115 
8.27392 2.61728 -0.6075 -1.66434 
0 2.25489 -0.229127 -2.0114 
-7.32723e-07 2.61687 0.682894 -2.17186 
-0.00963812 2.33239 -0.258775 -2.02509 
-9.95322e-06 1.39857 -0.987866 -1.22852 
8.30991 -1.47947 -0.240091 1.75234 
0 -2.65859 0.288154 2.64742 
-2.21363e-06 -2.24241 0.780558 2.11696 
-0.00964957 -2.24244 0.780504 2.11686 
-4.53335e-05 -2.36391 0.20964 2.90031 
8.35195 -3.10336 0.800166 1.59278 
0 -3.10394 0.800769 1.59281 
1.35066e-06 2.93783 0.69455 0.466977 
-0.00964568 2.93786 0.694485 0.466994 
-3.94893e-06 -3.02183 0.755378 1.49355 
8.39095 2.87233 0.724726 0.926506 
0 2.67872 0.857225 0.854354 
-7.526e-07 2.49948 0.255174 0.23542 
-0.00965331 2.49408 -0.00411886 -0.549886 
-3.38716e-06 2.59015 -0.223614 -1.34708 
8.43295 -3.01876 -0.589153 -2.78834 
0 0.606305 0.112676 1.99985 
2.39031e-06 0.379062 -0.252214 2.87839 
-0.00972888 0.277929 -0.196368 -2.38862 
1.92896e-05 0.184296 -0.19843 -2.3891 
8.47196 0.011055 -0.274109 -1.64167 
0 -0.493754 -0.699626 -1.52419 
6.96667e-07 -0.203303 -0.826573 -0.954611 
-0.00969351 -0.179728 -1.10734 -0.567428 
3.70776e-06 -0.274774 -1.10863 -0.566765 
8.51095 0.818968 -0.895684 -1.80574 
0 1.54316 -1.29102 2.86696 
-2.50623e-07 -2.96304 -0.925584 1.08301 
-0.00975162 -2.96306 -0.925594 1.083 
2.00529e-05 -3.05808 -0.924803 1.08311 
8.55298 2.52788 -0.739705 1.99167 
0 0.488632 -1.03464 -0.624016 
2.31082e-06 -2.39518 -1.35669 2.03379 
-0.00973989 3.12847 -0.819278 2.25323 
-7.24415e-05 3.03464 -0.81883 2.25319 
8.59198 2.32121 0.124782 -2.48901 
0 1.34984 0.328204 3.06026 
2.72172e-06 2.0707 -0.0209499 2.79119 
-0.00970857 2.59047 0.297975 2.27425 
3.89084e-06 2.22312 0.965611 1.55098 
8.63397 -1.92784 0.149771 -2.22212 
0 -2.5131 0.655566 -1.53457 
2.51086e-06 -2.05701 0.806334 -0.399277 
-0.00963939 -1.8463 0.869911 0.706465 
-1.42715e-05 -1.83315 1.03055 1.74518 
8.67003 -2.07924 -1.30048 2.47302 
0 1.59475 0.242423 2.07911 
5.04398e-06 0.853769 0.606913 1.18842 
-0.00968635 -0.142373 0.315629 0.469556 
8.65827e-07 -0.897213 -0.354041 0.275261 
8.71502 0.772709 -0.603201 -2.06201 
0 1.11537 -0.283812 -1.58505 
2.20355e-06 1.11237 -1.22379 -1.91391 
-0.00964156 -2.51568 -1.06364 1.58511 
-3.0119e-06 -2.41518 -0.374705 1.59471 
8.75102 2.36007 0.0900916 -1.83651 
0 1.08701 0.248977 -2.80027 
5.03056e-07 1.80837 0.28899 -2.72315 
-0.00959519 1.80832 0.289016 -2.72326 
-8.3227e-05 1.88121 0.63935 -2.43217 
8.79005 -2.01411 -0.976812 0.901449 
0 1.41935 0.547758 0.474837 
3.59855e-06 0.693792 0.574082 0.287373 
-0.00974357 0.367007 0.483782 0.553286 
-3.63339e-05 0.272594 0.483801 0.553318 
8.83203 -0.204827 -0.510047 -2.7286 
0 -1.32051 -0.994618 -2.12008 
-1.62058e-06 -2.70656 -1.29433 -0.441929 
-0.00963777 -2.70675 -1.29423 -0.441751 
-3.52893e-05 -0.140285 -1.48269 -2.62228 
8.87107 -1.44837 0.622121 -1.11595 
0 -1.31207 0.849623 -2.45772 
3.47541e-06 -2.09359 0.373875 -2.64818 
-0.00978218 -2.70392 -0.354834 -2.79432 
2.51374e-05 -2.79926 -0.354832 -2.79435 
8.91308 -2.78053 0.317329 2.01375 
0 -3.01198 0.568977 2.08328 
2.42288e-06 -2.9426 0.24183 1.21083 
-0.00967272 -2.70232 -0.219497 0.490278 
4.12045e-05 -2.79651 -0.219494 0.490267 
8.9521 -3.10444 0.397222 -1.50192 
0 -2.90872 0.196003 -1.53045 
-8.42952e-07 2.97053 0.071668 -0.756614 
-0.00966256 2.97051 0.0718133 -0.756639 
-1.09665e-05 2.61826 -0.202685 -0.00393404 
8.99416 2.58554 -0.0622237 0.234173 
0 -2.61757 -1.0187 0.251361 
3.89685e-06 2.35446 -0.834114 1.54674 
-0.00968567 1.76377 -0.311342 1.81496 
-4.10113e-05 1.67022 -0.311475 1.81557 
9.03011 1.69715 -0.710517 1.76272 
0 1.70536 -0.718128 1.83945 
9.38733e-07 2.34391 -0.342016 1.96026 
-0.00965766 2.34391 -0.341906 1.96014 
5.67703e-05 -3.02054 -0.610987 1.79549 
9.06915 -2.72092 -0.467025 1.22698 
0 -3.0359 -0.190321 1.30546 
3.67502e-06 -2.68447 0.707929 1.62927 
-0.00969554 -2.62241 -0.211 1.24214 
-2.69813e-05 -2.71605 -0.213784 1.24064 
9.11413 -2.74266 -0.261558 1.35428 
0 2.64415 0.550689 1.31493 
4.65888e-06 -3.09511 1.02382 0.943948 
-0.00969312 2.45194 0.867505 1.23711 
-7.1632e-05 2.36117 0.865482 1.23981 
9.15014 -2.57406 1.00057 2.79647 
0 -1.03377 0.322622 0.681031 
-1.56111e-07 -1.4713 -0.483164 1.04542 
-0.00960037 -1.47135 -0.483175 1.04554 
3.3217e-05 -1.88671 -0.926069 1.76265 
9.19217 1.77773 -0.31407 -1.6921 
0 1.75244 -0.306944 -1.73013 
1.43222e-06 1.74122 0.270864 -2.14361 
-0.0097691 1.33291 0.406819 -2.80516 
-4.37593e-05 1.23735 0.406432 -2.80645 
9.23115 -1.00193 0.975315 0.962005 
0 -1.62979 1.18807 -0.466759 
1.02588e-06 -1.36171 1.17194 0.632013 
-0.00965908 -1.36149 1.17192 0.632281 
4.26961e-05 -1.41069 1.1673 1.61181 
9.27318 -1.49498 -1.10752 1.41357 
0 0.262942 -0.195249 0.666197 
4.04419e-06 -0.63613 -0.737234 1.06617 
-0.00976076 -1.69114 -0.317404 1.63136 
5.51981e-05 -1.78728 -0.317032 1.63382 
9.31222 1.78946 -0.178558 -1.623 
0 1.76065 -0.17149 -1.65765 
2.62494e-06 0.937719 0.135796 -1.6513 
-0.00964011 0.188777 0.0910156 -1.56027 
-1.06946e-05 0.0949453 0.0893075 -1.56049 
9.35114 -0.132402 -0.03941 2.03109 
0 1.19774 0.817551 2.54866 
-2.43997e-06 1.05753 0.0203804 2.06655 
-0.00971712 1.05753 0.0203626 2.06651 
-1.106e-05 1.674 -0.472256 1.7105 
9.39328 -1.66903 0.345221 -1.43154 
0 -1.33367 1.21693 1.94299 
-3.5676e-07 -2.59562 0.845507 0.252189 
-0.00977793 -2.59561 0.845518 0.252199 
-1.91936e-05 -2.68993 0.846383 0.25291 
9.42923 2.41384 -0.647966 -2.49152 
0 1.00972 -0.343386 2.02725 
7.60757e-07 1.74691 -0.948442 2.12315 
-0.00974924 1.7469 -0.948439 2.12312 
8.97673e-05 0.356489 -0.596996 2.85346 
9.47426 -0.546965 0.445657 -0.610473 
0 -2.92656 0.866742 1.39955 
1.57227e-06 -0.756269 1.21606 -3.06167 
-0.00971464 -0.756332 1.21609 -3.06176 
-1.96302e-05 -0.850682 1.21581 -3.06099 
9.51025 1.32902 0.320163 -0.686668 
0 1.85005 0.312832 -0.280626 
2.03915e-06 1.21393 -0.447303 -0.115886 
-0.0096715 0.299516 -0.772275 0.947178 
6.69097e-05 -0.534108 -0.260822 1.83331 
9.55526 0.454114 0.367814 -1.48313 
0 -0.982016 -0.731988 -1.19786 
9.87955e-07 -0.886962 -1.08861 -2.0957 
-0.00981731 0.884597 -1.11833 1.93193 
8.78101e-05 0.788694 -1.11839 1.93181 
9.59125 0.420865 -1.2264 2.32997 
0 2.15164 -0.279208 -1.68704 
2.75398e-06 1.59017 -1.13182 -1.19308 
-0.00967331 0.246044 -0.708412 0.226735 
2.67675e-05 -0.0771158 0.122573 0.535484 
9.63028 0.0194014 0.147315 1.19734 
0 -2.39436 -0.49119 2.53448 
3.21623e-06 -2.98237 -0.870964 2.53488 
-0.00980364 1.94237 -1.36565 -3.11254 
4.58851e-06 1.84687 -1.36569 -3.11246 
9.67225 -2.20157 -1.47331 0.930568 
0 2.36933 -0.24147 1.07873 
4.75802e-08 2.59123 -0.831053 1.67759 
-0.0097072 2.59116 -0.831165 1.67769 
2.20653e-05 2.49625 -0.831165 1.67768 
9.71129 2.4663 -0.809675 1.7183 
0 0.666987 -1.20447 -1.40067 
-3.66578e-08 -2.4899 -1.0108 1.45232 
-0.0096968 -2.69808 -0.0298915 1.66252 
-5.06205e-05 -3.10836 -0.966367 1.59785 
9.75333 2.44464 -0.731915 2.53849 
0 2.54777 -1.04741 2.90987 
1.41309e-06 -2.03425 -1.30404 2.07954 
-0.00981246 -2.03363 -1.30412 2.07893 
0.000123924 -2.13238 -1.3041 2.07888 
9.79232 1.72236 0.183937 -1.58306 
0 -2.06404 -1.3557 -1.29682 
2.83278e-06 2.47474 -0.661137 0.510404 
-0.00997449 2.47462 -0.661287 0.510554 
8.09521e-05 2.37387 -0.661321 0.510531 
9.83432 3.10129 0.984005 2.59007 
0 -0.963668 -0.0108296 1.03594 
-6.82197e-08 -0.682685 -0.664384 1.65294 
-0.00994352 -0.738228 -0.236312 0.773144 
-6.91428e-05 -0.837648 -0.236342 0.773166 
9.87037 -0.5068 0.735047 1.86222 
0 -2.81067 1.05751 -1.94024 
-1.01498e-06 -1.67783 0.407085 -1.10173 
-0.00999403 -1.67796 0.407063 -1.10195 
6.6583e-05 -1.77861 0.407095 -1.10195 
9.90932 2.41805 1.29989 2.9458 
0 -0.552827 0.286586 1.44479 
2.86491e-06 -0.260074 0.860854 2.42009 
-0.0100446 1.09718 1.24137 -1.92198 
-2.85497e-05 0.997577 1.24133 -1.92205 
9.95134 1.36968 0.489569 -1.4739 
0 0.189512 -0.211915 -2.13464 
-2.00117e-06 -0.474853 -0.16655 -2.61794 
-0.00999745 -0.474848 -0.16631 -2.61806 
-3.30543e-05 -0.574921 -0.166303 -2.61807 
9.99039 -0.593291 0.0568919 -2.28628 
0 0.648151 1.09767 -2.25373 
-1.09654e-06 2.11687 1.00228 -0.392314 
-0.00990392 2.11722 1.00214 -0.391888 
-1.8346e-05 2.0546 0.415413 0.312106 
10.0324 2.01744 -0.126333 0.0410629 
0 0.407142 -0.873033 -1.63304 
3.45306e-06 0.59192 -0.151279 -1.22905 
-0.0100013 0.572625 0.625818 -0.808704 
4.87774e-05 0.473427 0.629523 -0.806082 
10.0714 0.155721 0.755326 -1.298 
0 -2.8108 0.261867 0.391834 
8.19092e-07 -2.27494 -0.27484 -0.126985 
-0.0100582 -2.27483 -0.275005 -0.127188 
5.97788e-05 -2.37455 -0.280182 -0.132883 
10.1134 -2.33837 -0.0414009 -0.37273 
0 -2.25584 -0.0935519 -0.43155 
-4.1656e-06 -2.39308 -0.571308 0.480418 
-0.0100871 -2.39297 -0.57148 0.480229 
2.76763e-05 -2.49028 -0.578622 0.473059 
10.1525 2.29601 -0.111547 2.91956 
0 2.32636 -0.134065 2.94438 
-3.24679e-06 3.11124 0.128902 2.55489 
-0.0100353 3.11126 0.12865 2.5549 
-1.83347e-05 3.01002 0.121287 2.55552 
10.1915 -2.96969 0.0136037 -1.47444 
0 -0.915907 -0.525349 -2.70299 
-6.42978e-07 -0.247055 -0.0607592 -2.29477 
-0.0100426 -0.247084 -0.060536 -2.29482 
5.93197e-06 -0.347355 -0.055781 -2.29633 
10.2335 0.18247 -0.297443 2.00749 
0 0.54707 0.0529159 2.14139 
-4.75531e-06 -0.0147972 -0.411908 2.80532 
-0.0100211 -0.014748 -0.411666 2.80532 
3.22254e-05 -0.788125 -0.708283 -2.32994 
10.2694 0.965391 0.333827 1.16509 
0 1.16587 0.406202 1.3052 
1.04021e-06 0.768974 -0.512106 1.28809 
-0.00994106 -0.0186631 0.0459305 1.12501 
-6.81866e-06 -0.946401 0.282739 0.436158 
10.3145 0.663573 -0.753249 -2.18032 
0 0.93928 -0.400794 -1.75486 
-4.187e-07 0.421416 0.325422 -1.94152 
-0.0100213 0.0158337 -0.589608 -1.9018 
-1.52122e-05 -1.51058 -1.13675 -0.529645 
10.3505 1.56125 0.310398 2.64521 
0 -0.567346 -1.09923 1.91786 
-6.30976e-07 -0.395932 -0.32429 1.48574 
-0.00992924 -0.441215 0.207675 0.808568 
6.87691e-07 -0.3366 -0.0726351 1.70574 
10.3926 0.205782 0.270029 -2.14157 
0 2.11245 0.761521 -1.00226 
-5.34106e-07 2.55588 -0.0360749 -1.13013 
