3.41874e-06 -1.95509e+14 -4.10118e+14 -8.17572e+28 
0.913052 -1.95509e+14 -4.10118e+14 -8.17572e+28 
0 -3.47824e+14 -7.34583e+14 -1.06785e+29 
-5.17229e-07 -3.47824e+14 -7.34583e+14 -1.06785e+29 
-0.00985462 -5.02456e+14 -9.46306e+14 -1.3515e+29 
-5.73413e-05 -5.02456e+14 -9.46306e+14 -1.3515e+29 
0.952083 -5.02456e+14 -9.46306e+14 -1.3515e+29 
0 -6.50123e+14 -1.07536e+15 -1.66776e+29 
-1.31715e-06 -8.73069e+14 -1.22175e+15 -2.01593e+29 
-0.00973571 -1.072e+15 -1.31877e+15 -2.3938e+29 
-1.23325e-05 -1.07702e+15 -1.31604e+15 -2.39097e+29 
0.991095 -1.08188e+15 -1.3134e+15 -2.38824e+29 
0 -1.16533e+15 -1.39631e+15 -2.78762e+29 
6.0186e-07 -1.16284e+15 -1.39804e+15 -2.77599e+29 
-0.00984594 -1.20065e+15 -1.63172e+15 -3.18735e+29 
-3.35689e-06 -1.19411e+15 -1.63141e+15 -3.16993e+29 
1.03009 -1.1878e+15 -1.63111e+15 -3.15311e+29 
0 -1.15989e+15 -1.95641e+15 -3.57138e+29 
-5.95846e-07 -1.15305e+15 -1.94907e+15 -3.54771e+29 
-0.009801 -1.13076e+15 -2.18127e+15 -3.97611e+29 
5.84937e-05 -1.12249e+15 -2.16387e+15 -3.94451e+29 
1.07211 -1.11452e+15 -2.14709e+15 -3.91402e+29 
0 -1.08302e+15 -2.33585e+15 -4.34265e+29 
1.08712e-06 -1.06879e+15 -2.30573e+15 -4.30334e+29 
-0.00975735 -9.56102e+14 -2.52178e+15 -4.73712e+29 
3.16612e-05 -9.35942e+14 -2.48439e+15 -4.68797e+29 
1.11111 -9.16514e+14 -2.44835e+15 -4.64061e+29 
0 -7.13975e+14 -2.675e+15 -5.06922e+29 
1.91785e-08 -6.78461e+14 -2.62828e+15 -4.99354e+29 
-0.00977803 -3.22076e+14 -2.87462e+15 -5.40262e+29 
-2.22369e-05 -2.80425e+14 -2.82707e+15 -5.31535e+29 
1.15313 -2.40348e+14 -2.78132e+15 -5.23139e+29 
0 1.46479e+14 -2.97251e+15 -5.62716e+29 
-1.08099e-06 5.30908e+14 -3.09355e+15 -6.04831e+29 
-0.00980461 9.50564e+14 -3.14309e+15 -6.47275e+29 
2.30085e-05 9.89695e+14 -3.09013e+15 -6.3647e+29 
1.19212 1.02732e+15 -3.03921e+15 -6.26081e+29 
0 1.47377e+15 -2.87402e+15 -6.67083e+29 
-2.70187e-07 1.50708e+15 -2.81178e+15 -6.55506e+29 
-0.00982195 2.04253e+15 -2.62917e+15 -6.95949e+29 
-3.049e-05 2.07237e+15 -2.56025e+15 -6.8315e+29 
1.23109 2.10104e+15 -2.49402e+15 -6.70851e+29 
0 2.66191e+15 -2.37569e+15 -7.09826e+29 
1.62878e-06 2.68721e+15 -2.30482e+15 -6.96375e+29 
-0.00983349 3.21569e+15 -2.29362e+15 -7.34755e+29 
1.29163e-05 3.2344e+15 -2.21655e+15 -7.20122e+29 
1.27318 3.25237e+15 -2.14254e+15 -7.06069e+29 
0 3.88644e+15 -2.17393e+15 -7.43008e+29 
3.39173e-07 3.8942e+15 -2.09368e+15 -7.27862e+29 
-0.00982532 4.63072e+15 -2.09684e+15 -7.6422e+29 
1.88139e-05 4.62259e+15 -2.00919e+15 -7.47961e+29 
1.31218 4.61478e+15 -1.92506e+15 -7.32355e+29 
0 5.48037e+15 -1.88231e+15 -7.67367e+29 
-1.5996e-06 6.42607e+15 -1.82248e+15 -8.02286e+29 
-0.00983128 7.41864e+15 -1.76863e+15 -8.36961e+29 
-7.4149e-06 7.36157e+15 -1.6743e+15 -8.16549e+29 
1.35122 7.30688e+15 -1.58389e+15 -7.96983e+29 
0 8.35847e+15 -1.39637e+15 -8.30102e+29 
-1.38708e-06 9.4438e+15 -1.09912e+15 -8.66081e+29 
-0.00980142 1.0368e+16 -7.53355e+14 -9.0186e+29 
2.15099e-06 1.02791e+16 -6.88906e+14 -8.80645e+29 
1.39323 1.01938e+16 -6.27163e+14 -8.60321e+29 
0 1.0835e+16 -2.4469e+14 -8.94732e+29 
1.19166e-06 1.07309e+16 -1.91071e+14 -8.73682e+29 
-0.00978242 1.14157e+16 1.03771e+14 -9.07536e+29 
5.02555e-05 1.12955e+16 1.55949e+14 -8.85709e+29 
1.43222 1.11804e+16 2.0591e+14 -8.64808e+29 
0 1.1858e+16 5.43519e+14 -8.97459e+29 
1.75105e-06 1.17223e+16 5.94443e+14 -8.75904e+29 
-0.00977745 1.22559e+16 1.125e+15 -9.08104e+29 
4.79102e-05 1.20949e+16 1.17599e+15 -8.85836e+29 
1.47119 1.19408e+16 1.22479e+15 -8.64524e+29 
0 1.24084e+16 2.04741e+15 -8.95665e+29 
1.7791e-06 1.21684e+16 2.09668e+15 -8.70535e+29 
-0.00981965 1.25729e+16 3.13235e+15 -8.97848e+29 
6.2101e-05 1.23013e+16 3.17924e+15 -8.72204e+29 
1.51022 1.20416e+16 3.22405e+15 -8.47691e+29 
0 1.24754e+16 4.43822e+15 -8.73831e+29 
-8.04305e-08 1.21163e+16 4.46151e+15 -8.45516e+29 
-0.0097558 1.25453e+16 5.73872e+15 -8.67554e+29 
-1.44604e-05 1.21672e+16 5.74514e+15 -8.38937e+29 
1.55225 1.18063e+16 5.75124e+15 -8.11613e+29 
0 1.23414e+16 7.04972e+15 -8.32437e+29 
-7.83109e-07 1.1977e+16 7.03796e+15 -8.04915e+29 
-0.00985288 1.24361e+16 8.44003e+15 -8.25251e+29 
-3.50126e-05 1.20643e+16 8.41666e+15 -7.97426e+29 
1.59123 1.17093e+16 8.39433e+15 -7.70868e+29 
0 1.18763e+16 1.01103e+16 -7.90223e+29 
9.09178e-07 1.15139e+16 1.00751e+16 -7.63465e+29 
-0.00983986 1.15524e+16 1.172e+16 -7.82484e+29 
-9.99499e-06 1.11881e+16 1.16629e+16 -7.5542e+29 
1.63328 1.08404e+16 1.16084e+16 -7.29596e+29 
0 1.09274e+16 1.30057e+16 -7.47813e+29 
-1.48878e-06 1.1117e+16 1.4424e+16 -7.69283e+29 
-0.00978963 1.13295e+16 1.56685e+16 -7.90631e+29 
-2.96917e-05 1.09796e+16 1.55348e+16 -7.64303e+29 
1.67235 1.06457e+16 1.54073e+16 -7.3919e+29 
0 1.08829e+16 1.65696e+16 -7.59911e+29 
3.9108e-07 1.05438e+16 1.63924e+16 -7.34628e+29 
-0.00981231 1.09369e+16 1.75525e+16 -7.55292e+29 
-2.77115e-05 1.05873e+16 1.73251e+16 -7.29758e+29 
1.71427 1.02538e+16 1.7108e+16 -7.05411e+29 
0 1.05661e+16 1.81539e+16 -7.25625e+29 
1.38283e-06 1.0218e+16 1.78891e+16 -7.01172e+29 
-0.0098113 1.04468e+16 1.90229e+16 -7.21472e+29 
-2.64429e-05 1.00879e+16 1.87078e+16 -6.96828e+29 
1.75329 9.74572e+15 1.84074e+16 -6.73336e+29 
0 1.00234e+16 1.95987e+16 -6.93304e+29 
1.20061e-06 9.68733e+15 1.92351e+16 -6.69749e+29 
-0.0097768 9.72855e+15 2.02712e+16 -6.89899e+29 
-4.12315e-05 9.40338e+15 1.98522e+16 -6.66184e+29 
1.78931 9.09345e+15 1.94527e+16 -6.43585e+29 
0 9.0516e+15 2.035e+16 -6.63473e+29 
-1.55473e-06 9.06013e+15 2.12343e+16 -6.83566e+29 
-0.00976706 8.85386e+15 2.1917e+16 -7.03721e+29 
3.93324e-05 8.52011e+15 2.13654e+16 -6.78018e+29 
1.83127 8.20232e+15 2.08401e+16 -6.53549e+29 
0 7.69699e+15 2.13928e+16 -6.73179e+29 
-1.22929e-06 7.15887e+15 2.19744e+16 -6.96043e+29 
-0.00980523 6.63687e+15 2.26767e+16 -7.19065e+29 
9.91284e-05 6.31169e+15 2.21114e+16 -6.94612e+29 
1.87028 6.00214e+15 2.1573e+16 -6.7134e+29 
0 5.37117e+15 2.24657e+16 -6.93935e+29 
-2.03297e-07 5.05784e+15 2.19115e+16 -6.70693e+29 
-0.00975172 4.29013e+15 2.27711e+16 -6.93416e+29 
7.02474e-05 3.97603e+15 2.21931e+16 -6.7008e+29 
1.91238 3.6771e+15 2.16428e+16 -6.47877e+29 
0 2.71376e+15 2.23932e+16 -6.70238e+29 
-4.96247e-08 2.41261e+15 2.18149e+16 -6.48026e+29 
-0.00983123 1.43973e+15 2.22794e+16 -6.70565e+29 
1.99638e-05 1.14884e+15 2.16792e+16 -6.48225e+29 
1.95132 8.72079e+14 2.11079e+16 -6.26973e+29 
0 2.78455e+13 2.12992e+16 -6.49192e+29 
-1.91639e-06 -7.14901e+14 2.12877e+16 -6.71624e+29 
-0.0098233 -1.53932e+15 2.14536e+16 -6.9413e+29 
6.97569e-05 -1.80294e+15 2.07789e+16 -6.69812e+29 
1.99333 -2.05349e+15 2.01372e+16 -6.46702e+29 
0 -2.85436e+15 2.05263e+16 -6.68639e+29 
2.37419e-06 -3.05799e+15 1.98173e+16 -6.42466e+29 
-0.00983068 -3.61964e+15 2.03175e+16 -6.61051e+29 
-6.86241e-05 -3.79113e+15 1.96101e+16 -6.34976e+29 
2.03232 -3.95386e+15 1.8938e+16 -6.10219e+29 
0 -4.45168e+15 1.94677e+16 -6.28068e+29 
3.07545e-07 -4.5788e+15 1.87863e+16 -6.03483e+29 
-0.00978735 -4.98344e+15 1.92331e+16 -6.21259e+29 
-3.88549e-06 -5.07188e+15 1.85412e+16 -5.96699e+29 
2.07131 -5.15568e+15 1.7884e+16 -5.73384e+29 
0 -5.45058e+15 1.84987e+16 -5.90596e+29 
-1.23831e-06 -5.7334e+15 1.92417e+16 -6.11039e+29 
-0.00983122 -5.87597e+15 1.96663e+16 -6.31628e+29 
8.29003e-05 -5.87104e+15 1.90133e+16 -6.08368e+29 
2.11332 -5.86609e+15 1.83931e+16 -5.86291e+29 
0 -6.05645e+15 1.86262e+16 -6.06431e+29 
5.50432e-07 -5.99234e+15 1.79816e+16 -5.81242e+29 
-0.00985814 -6.40924e+15 1.82752e+16 -5.98094e+29 
8.833e-05 -6.31981e+15 1.76502e+16 -5.72964e+29 
2.15236 -6.2346e+15 1.7057e+16 -5.49134e+29 
0 -7.00964e+15 1.74671e+16 -5.65359e+29 
-3.49187e-07 -6.89967e+15 1.68804e+16 -5.41677e+29 
-0.00976576 -7.67974e+15 1.74156e+16 -5.57922e+29 
4.12508e-05 -7.55864e+15 1.68216e+16 -5.34264e+29 
2.19133 -7.44339e+15 1.62581e+16 -5.11832e+29 
0 -7.99577e+15 1.67835e+16 -5.27671e+29 
-1.85809e-06 -8.41415e+15 1.72923e+16 -5.46758e+29 
-0.00978605 -9.0228e+15 1.75689e+16 -5.66118e+29 
-2.1491e-05 -8.89245e+15 1.69932e+16 -5.43842e+29 
2.23038 -8.76844e+15 1.6447e+16 -5.22723e+29 
0 -9.80872e+15 1.65775e+16 -5.41815e+29 
3.28486e-07 -9.66721e+15 1.59263e+16 -5.17826e+29 
-0.00978223 -1.10276e+16 1.62009e+16 -5.33934e+29 
-6.47165e-05 -1.08916e+16 1.55573e+16 -5.10071e+29 
2.27238 -1.07623e+16 1.49472e+16 -4.87467e+29 
0 -1.26056e+16 1.54437e+16 -5.03057e+29 
-2.18814e-06 -1.46836e+16 1.59867e+16 -5.21869e+29 
-0.0097851 -1.66291e+16 1.67457e+16 -5.40917e+29 
-1.83933e-07 -1.6483e+16 1.61661e+16 -5.18571e+29 
2.31135 -1.63441e+16 1.56167e+16 -4.97407e+29 
0 -1.81121e+16 1.64848e+16 -5.16114e+29 
6.22088e-07 -1.79363e+16 1.59397e+16 -4.95118e+29 
-0.00979754 -1.96783e+16 1.6864e+16 -5.14084e+29 
2.13374e-05 -1.94685e+16 1.63128e+16 -4.93127e+29 
2.35037 -1.92692e+16 1.57902e+16 -4.7328e+29 
0 -2.12982e+16 1.68149e+16 -4.92022e+29 
-5.45217e-07 -2.1046e+16 1.62149e+16 -4.69439e+29 
-0.00975035 -2.33353e+16 1.71268e+16 -4.85364e+29 
1.02377e-05 -2.30664e+16 1.65429e+16 -4.6291e+29 
2.3925 -2.28112e+16 1.59899e+16 -4.41662e+29 
0 -2.51371e+16 1.71931e+16 -4.57077e+29 
1.29737e-07 -2.48416e+16 1.6663e+16 -4.36022e+29 
-0.0098001 -2.69977e+16 1.77091e+16 -4.51587e+29 
3.36911e-05 -2.66466e+16 1.71837e+16 -4.30589e+29 
2.43142 -2.63135e+16 1.6686e+16 -4.1072e+29 
0 -2.85418e+16 1.74247e+16 -4.25948e+29 
-1.61246e-06 -3.07909e+16 1.81354e+16 -4.41472e+29 
-0.0098115 -3.28777e+16 1.88501e+16 -4.57144e+29 
-5.77867e-05 -3.22648e+16 1.82557e+16 -4.34706e+29 
2.47345 -3.16838e+16 1.76931e+16 -4.13491e+29 
0 -3.3889e+16 1.82585e+16 -4.28588e+29 
-1.12472e-06 -3.63513e+16 1.87296e+16 -4.46848e+29 
-0.00980601 -3.86852e+16 1.93719e+16 -4.65389e+29 
-7.2709e-06 -3.80091e+16 1.87705e+16 -4.44474e+29 
2.5125 -3.73683e+16 1.82013e+16 -4.24699e+29 
0 -3.96667e+16 1.88191e+16 -4.4282e+29 
9.67326e-07 -3.89661e+16 1.82256e+16 -4.23189e+29 
-0.00980537 -4.11626e+16 1.89008e+16 -4.41534e+29 
-9.57812e-06 -4.03887e+16 1.8286e+16 -4.21915e+29 
2.54842 -3.96551e+16 1.77041e+16 -4.03368e+29 
0 -4.16543e+16 1.84788e+16 -4.2144e+29 
-6.80468e-06 -4.36462e+16 1.9044e+16 -4.42676e+29 
-0.00980234 -4.54178e+16 1.96657e+16 -4.64426e+29 
2.65052e-05 -4.4554e+16 1.90275e+16 -4.45986e+29 
2.5935 -4.37353e+16 1.84235e+16 -4.28556e+29 
0 -4.53849e+16 1.91349e+16 -4.50119e+29 
-7.86933e-05 -4.68862e+16 1.96291e+16 -4.72141e+29 
-0.00986502 -4.80714e+16 2.03448e+16 -4.94472e+29 
-2.11022e-05 -4.6965e+16 1.96507e+16 -4.74521e+29 
2.62954 -4.59171e+16 1.89942e+16 -4.55673e+29 
0 -4.66843e+16 2.00436e+16 -4.77536e+29 
-6.09293e-05 -4.70618e+16 2.10339e+16 -4.99713e+29 
-0.00986346 -4.74178e+16 2.18019e+16 -5.22056e+29 
1.11322e-05 -4.60815e+16 2.10879e+16 -5.00774e+29 
2.67163 -4.48167e+16 2.0413e+16 -4.80681e+29 
0 -4.52625e+16 2.10112e+16 -5.02343e+29 
-5.69619e-05 -4.57253e+16 2.1632e+16 -5.27102e+29 
-0.00987364 -4.58904e+16 2.23641e+16 -5.52177e+29 
-2.82052e-05 -4.45585e+16 2.16965e+16 -5.32418e+29 
2.71063 -4.32978e+16 2.10655e+16 -5.13764e+29 
0 -4.30429e+16 2.19103e+16 -5.38348e+29 
-3.7311e-05 -4.24244e+16 2.26503e+16 -5.63211e+29 
-0.00994532 -4.19569e+16 2.35688e+16 -5.88195e+29 
1.13953e-05 -4.04902e+16 2.28543e+16 -5.67003e+29 
2.75264 -3.91029e+16 2.21793e+16 -5.47007e+29 
0 -3.9056e+16 2.33214e+16 -5.71261e+29 
-1.88954e-05 -3.90369e+16 2.43615e+16 -5.95609e+29 
-0.0101781 -3.87802e+16 2.51941e+16 -6.19913e+29 
-6.44814e-05 -3.72596e+16 2.4439e+16 -5.97269e+29 
2.79163 -3.58221e+16 2.37262e+16 -5.75915e+29 
0 -3.56599e+16 2.43493e+16 -5.99387e+29 
-7.73526e-06 -3.55768e+16 2.48133e+16 -6.22846e+29 
-0.0103534 -3.56062e+16 2.51365e+16 -6.46169e+29 
-1.05579e-05 -3.4166e+16 2.42972e+16 -6.22183e+29 
2.83364 -3.28055e+16 2.35053e+16 -5.99577e+29 
0 -3.31567e+16 2.4027e+16 -6.2206e+29 
2.28635e-06 -3.17202e+16 2.31608e+16 -5.96548e+29 
-0.0105536 -3.21621e+16 2.35218e+16 -6.1543e+29 
-3.27191e-05 -3.07969e+16 2.26722e+16 -5.90279e+29 
2.87264 -2.95081e+16 2.1871e+16 -5.66587e+29 
0 -3.01264e+16 2.18406e+16 -5.84624e+29 
6.34408e-06 -2.8856e+16 2.09417e+16 -5.57945e+29 
-0.0106316 -2.94922e+16 2.05915e+16 -5.72226e+29 
9.10328e-06 -2.83048e+16 1.9699e+16 -5.45964e+29 
2.90869 -2.71847e+16 1.88577e+16 -5.21237e+29 
0 -2.79201e+16 1.87417e+16 -5.34722e+29 
1.14794e-05 -2.67374e+16 1.77646e+16 -5.06984e+29 
-0.0106606 -2.7462e+16 1.81224e+16 -5.16647e+29 
3.62343e-05 -2.63367e+16 1.71636e+16 -4.89404e+29 
2.9537 -2.52759e+16 1.62604e+16 -4.63766e+29 
0 -2.65572e+16 1.6979e+16 -4.7272e+29 
1.16886e-05 -2.54415e+16 1.60063e+16 -4.44091e+29 
-0.010662 -2.67104e+16 1.6905e+16 -4.49215e+29 
-2.15844e-05 -2.56328e+16 1.59761e+16 -4.21164e+29 
2.99276 -2.46176e+16 1.51016e+16 -3.94779e+29 
0 -2.60021e+16 1.65908e+16 -3.99294e+29 
1.21487e-05 -2.50068e+16 1.57453e+16 -3.73539e+29 
-0.0106409 -2.62541e+16 1.70664e+16 -3.78096e+29 
-4.00131e-05 -2.52625e+16 1.62469e+16 -3.52773e+29 
3.03172 -2.43282e+16 1.54753e+16 -3.28956e+29 
0 -2.54191e+16 1.71497e+16 -3.33257e+29 
1.53552e-05 -2.44859e+16 1.64273e+16 -3.09966e+29 
-0.0106152 -2.52156e+16 1.84181e+16 -3.14578e+29 
-1.45751e-05 -2.42787e+16 1.77479e+16 -2.91637e+29 
3.07071 -2.33959e+16 1.71171e+16 -2.70061e+29 
0 -2.36737e+16 1.93717e+16 -2.74676e+29 
9.49117e-06 -2.27875e+16 1.8775e+16 -2.53572e+29 
-0.0106154 -2.32227e+16 2.15222e+16 -2.58712e+29 
-6.16912e-05 -2.23261e+16 2.09158e+16 -2.3792e+29 
3.1128 -2.14813e+16 2.03452e+16 -2.18366e+29 
0 -2.20393e+16 2.35682e+16 -2.23697e+29 
1.1264e-05 -2.11575e+16 2.2972e+16 -2.04594e+29 
-0.010581 -2.12595e+16 2.62635e+16 -2.10625e+29 
-4.091e-05 -2.0337e+16 2.56268e+16 -1.91824e+29 
3.15179 -1.94675e+16 2.50274e+16 -1.74147e+29 
0 -1.93253e+16 2.76361e+16 -1.80501e+29 
8.0083e-06 -1.84166e+16 2.69699e+16 -1.63273e+29 
-0.0105392 -1.849e+16 2.93283e+16 -1.70453e+29 
6.02357e-05 -1.75508e+16 2.86111e+16 -1.53523e+29 
3.19079 -1.66653e+16 2.79354e+16 -1.37607e+29 
0 -1.74343e+16 3.03386e+16 -1.45141e+29 
8.97189e-06 -1.65335e+16 2.9602e+16 -1.29636e+29 
-0.0106337 -1.72898e+16 3.17017e+16 -1.38039e+29 
4.64451e-05 -1.63925e+16 3.08914e+16 -1.22782e+29 
3.2328 -1.55466e+16 3.01278e+16 -1.08441e+29 
0 -1.64815e+16 3.19552e+16 -1.17161e+29 
6.38981e-06 -1.56678e+16 3.11143e+16 -1.03165e+29 
-0.0105514 -1.66172e+16 3.24335e+16 -1.12748e+29 
2.09245e-05 -1.58176e+16 3.14895e+16 -9.8931e+28 
3.26881 -1.50637e+16 3.05993e+16 -8.59469e+28 
0 -1.56067e+16 3.12334e+16 -9.57771e+28 
6.73695e-06 -1.48579e+16 3.02228e+16 -8.30592e+28 
-0.010589 -1.56236e+16 3.02854e+16 -9.37205e+28 
-0.000108011 -1.48999e+16 2.91566e+16 -8.11074e+28 
3.31384 -1.42176e+16 2.80917e+16 -6.92568e+28 
0 -1.59849e+16 2.77288e+16 -8.00807e+28 
6.75789e-06 -1.53397e+16 2.65965e+16 -6.8418e+28 
-0.0105317 -1.73946e+16 2.64881e+16 -8.00289e+28 
3.27547e-05 -1.67635e+16 2.53023e+16 -6.83968e+28 
3.35284 -1.61686e+16 2.41833e+16 -5.74696e+28 
0 -1.79104e+16 2.40515e+16 -6.91558e+28 
5.15893e-06 -1.72885e+16 2.28795e+16 -5.83435e+28 
-0.0105398 -1.92358e+16 2.24757e+16 -7.07685e+28 
-1.26349e-07 -1.85871e+16 2.12644e+16 -5.99186e+28 
3.39483 -1.79755e+16 2.01211e+16 -4.97273e+28 
0 -2.01766e+16 1.98905e+16 -6.21448e+28 
5.4929e-06 -1.95356e+16 1.87251e+16 -5.20033e+28 
-0.0106337 -2.14895e+16 1.82991e+16 -6.51124e+28 
-5.6744e-05 -2.08186e+16 1.7132e+16 -5.48767e+28 
3.43086 -2.0186e+16 1.60305e+16 -4.52628e+28 
0 -2.21077e+16 1.54241e+16 -5.82937e+28 
6.60868e-06 -2.14756e+16 1.43563e+16 -4.86727e+28 
-0.0105889 -2.37318e+16 1.39269e+16 -6.23514e+28 
-2.06682e-05 -2.30847e+16 1.29098e+16 -5.25873e+28 
3.46985 -2.24745e+16 1.195e+16 -4.3416e+28 
0 -2.51539e+16 1.18772e+16 -5.6955e+28 
2.15368e-06 -2.44755e+16 1.09864e+16 -4.77282e+28 
-0.0105883 -2.74221e+16 1.08192e+16 -6.1876e+28 
8.00704e-05 -2.66631e+16 9.96595e+15 -5.2462e+28 
3.51186 -2.59469e+16 9.16095e+15 -4.36188e+28 
0 -2.92633e+16 8.85243e+15 -5.75716e+28 
6.79273e-06 -2.84942e+16 8.08243e+15 -4.86327e+28 
-0.0105876 -3.22835e+16 7.6032e+15 -6.31602e+28 
-5.16021e-06 -3.14494e+16 6.87328e+15 -5.39994e+28 
3.55089 -3.06621e+16 6.18484e+15 -4.5393e+28 
0 -3.46096e+16 5.19255e+15 -5.96811e+28 
4.50639e-06 -3.37493e+16 4.53203e+15 -5.09459e+28 
-0.0104906 -3.72289e+16 3.17986e+15 -6.57795e+28 
3.79429e-05 -3.63119e+16 2.55129e+15 -5.67931e+28 
3.59291 -3.54462e+16 1.95863e+15 -4.83489e+28 
0 -3.84833e+16 4.55606e+14 -6.29058e+28 
7.26916e-06 -3.75708e+16 -9.17687e+13 -5.43059e+28 
-0.0105447 -4.04687e+16 -1.27035e+15 -6.93835e+28 
1.07143e-05 -3.94891e+16 -1.78874e+15 -6.05097e+28 
3.63194 -3.8564e+16 -2.27723e+15 -5.21694e+28 
0 -4.13113e+16 -2.50356e+15 -6.69403e+28 
4.76987e-06 -4.02988e+16 -2.97912e+15 -5.84228e+28 
-0.0104945 -4.27076e+16 -3.22755e+15 -7.36936e+28 
-5.95011e-05 -4.15914e+16 -3.68743e+15 -6.4882e+28 
3.67393 -4.0537e+16 -4.12064e+15 -5.65983e+28 
0 -4.25328e+16 -4.88073e+15 -7.15366e+28 
4.11e-06 -4.13628e+16 -5.28592e+15 -6.30584e+28 
-0.0105188 -4.29077e+16 -5.88282e+15 -7.84792e+28 
-4.13004e-06 -4.15972e+16 -6.25398e+15 -6.9694e+28 
3.71294 -4.03588e+16 -6.60332e+15 -6.1433e+28 
0 -4.10606e+16 -6.24637e+15 -7.65035e+28 
3.58807e-06 -3.96851e+16 -6.53023e+15 -6.80341e+28 
-0.010502 -4.04822e+16 -5.81344e+15 -8.35728e+28 
4.10418e-05 -3.90023e+16 -6.01901e+15 -7.47859e+28 
3.74892 -3.76035e+16 -6.21169e+15 -6.65211e+28 
0 -3.87444e+16 -5.79494e+15 -8.16952e+28 
1.50327e-06 -3.72774e+16 -5.90305e+15 -7.32111e+28 
-0.0103679 -3.8143e+16 -5.43582e+15 -8.88417e+28 
2.91321e-05 -3.66124e+16 -5.48853e+15 -8.00307e+28 
3.79392 -3.51655e+16 -5.53659e+15 -7.1741e+28 
0 -3.57098e+16 -4.3714e+15 -8.69947e+28 
3.22594e-06 -3.42114e+16 -4.42211e+15 -7.84772e+28 
-0.0104624 -3.49866e+16 -3.06239e+15 -9.41776e+28 
-5.50383e-05 -3.34487e+16 -3.11519e+15 -8.53284e+28 
3.82994 -3.19949e+16 -3.16341e+15 -7.70005e+28 
0 -3.27218e+16 -2.003e+15 -9.23168e+28 
2.62175e-06 -3.12519e+16 -2.01841e+15 -8.37544e+28 
-0.0104273 -3.20896e+16 -9.97156e+14 -9.95095e+28 
5.12433e-05 -3.06159e+16 -9.92783e+14 -9.06089e+28 
3.87196 -2.92226e+16 -9.86943e+14 -8.22303e+28 
0 -3.04197e+16 -5.84689e+12 -9.75932e+28 
8.75554e-07 -2.90669e+16 -3.14677e+13 -8.89753e+28 
-0.0103586 -2.98377e+16 4.90881e+14 -1.0477e+29 
2.87925e-05 -2.85016e+16 4.1925e+14 -9.58098e+28 
3.91098 -2.72388e+16 3.53058e+14 -8.7373e+28 
0 -2.72878e+16 3.4232e+14 -1.0277e+29 
6.86847e-06 -2.60195e+16 2.60059e+14 -9.40899e+28 
-0.0104243 -2.55003e+16 7.11907e+14 -1.09913e+29 
1.52721e-05 -2.42327e+16 6.13854e+14 -1.0089e+29 
3.95299 -2.30346e+16 5.22579e+14 -9.23926e+28 
0 -2.22742e+16 1.56313e+15 -1.07816e+29 
3.43659e-07 -2.10964e+16 1.41825e+15 -9.90724e+28 
-0.0104074 -2.00635e+16 2.54365e+15 -1.14918e+29 
-9.87803e-06 -1.88816e+16 2.33747e+15 -1.05829e+29 
3.992 -1.77645e+16 2.14373e+15 -9.72669e+28 
0 -1.62306e+16 3.17817e+15 -1.1271e+29 
2.93872e-06 -1.5116e+16 2.94472e+15 -1.03899e+29 
-0.0104003 -1.331e+16 3.84296e+15 -1.19761e+29 
1.30463e-05 -1.21848e+16 3.58107e+15 -1.10603e+29 
4.031 -1.11214e+16 3.33453e+15 -1.01973e+29 
0 -9.54958e+15 4.4396e+15 -1.17429e+29 
2.41663e-06 -8.46264e+15 4.16902e+15 -1.0855e+29 
-0.0103483 -6.63127e+15 5.82289e+15 -1.2442e+29 
6.40693e-06 -5.54332e+15 5.55228e+15 -1.15194e+29 
4.073 -4.51512e+15 5.29742e+15 -1.06499e+29 
0 -2.62045e+15 7.69821e+15 -1.21963e+29 
1.52652e-06 -1.6371e+15 7.47445e+15 -1.13017e+29 
-0.0103441 -6.94839e+14 1.0147e+16 -1.28893e+29 
-1.47023e-05 2.21345e+14 9.92045e+15 -1.19599e+29 
4.11204 1.0869e+15 9.7073e+15 -1.10838e+29 
0 9.01199e+14 1.24013e+16 -1.26306e+29 
5.4137e-07 1.68735e+15 1.21493e+16 -1.17294e+29 
-0.0104567 1.5505e+15 1.50594e+16 -1.33172e+29 
2.46656e-05 2.25567e+15 1.47617e+16 -1.23811e+29 
4.15411 2.92139e+15 1.44811e+16 -1.14986e+29 
0 2.55027e+15 1.71739e+16 -1.30456e+29 
2.06058e-06 3.11015e+15 1.68568e+16 -1.21379e+29 
-0.0104483 1.56517e+15 1.90993e+16 -1.37257e+29 
-2.30509e-05 2.02024e+15 1.87533e+16 -1.27832e+29 
4.19305 2.4491e+15 1.84269e+16 -1.18944e+29 
0 4.08306e+14 2.05492e+16 -1.34413e+29 
-1.13637e-06 -1.41267e+15 2.27661e+16 -1.52636e+29 
-0.0102888 -3.4952e+15 2.52745e+16 -1.71848e+29 
-2.43496e-05 -3.23458e+15 2.4842e+16 -1.62361e+29 
4.23216 -2.98988e+15 2.44336e+16 -1.53414e+29 
0 -5.43706e+15 2.68231e+16 -1.72218e+29 
2.7525e-06 -5.27967e+15 2.63137e+16 -1.63018e+29 
-0.0103017 -7.51901e+15 2.7726e+16 -1.82227e+29 
1.3094e-05 -7.38514e+15 2.71076e+16 -1.72681e+29 
4.27112 -7.26045e+15 2.6523e+16 -1.63676e+29 
0 -9.61393e+15 2.6954e+16 -1.82477e+29 
2.64438e-06 -9.45425e+15 2.62694e+16 -1.7322e+29 
-0.0103309 -1.14828e+16 2.61022e+16 -1.92425e+29 
-5.94807e-05 -1.12969e+16 2.53095e+16 -1.82819e+29 
4.31004 -1.11229e+16 2.45596e+16 -1.73757e+29 
0 -1.27851e+16 2.4193e+16 -1.92552e+29 
1.56315e-06 -1.25846e+16 2.33579e+16 -1.83238e+29 
-0.0103152 -1.45558e+16 2.24961e+16 -2.02435e+29 
-1.54546e-06 -1.42671e+16 2.1605e+16 -1.92774e+29 
4.35212 -1.39955e+16 2.0762e+16 -1.83658e+29 
0 -1.60626e+16 1.89794e+16 -2.02446e+29 
1.13498e-06 -1.55471e+16 1.79184e+16 -1.91162e+29 
-0.0103545 -1.78057e+16 1.5083e+16 -2.0809e+29 
1.40476e-05 -1.72165e+16 1.397e+16 -1.9648e+29 
4.39112 -1.66606e+16 1.29175e+16 -1.85528e+29 
0 -1.90828e+16 9.53111e+15 -2.01549e+29 
6.30627e-07 -1.8447e+16 8.43318e+15 -1.90357e+29 
-0.0103108 -2.09683e+16 4.36787e+15 -2.06432e+29 
1.22716e-05 -2.02706e+16 3.2746e+15 -1.94899e+29 
4.43315 -1.9612e+16 2.24077e+15 -1.84017e+29 
0 -2.20191e+16 -2.80877e+15 -1.99327e+29 
1.62478e-06 -2.12975e+16 -3.78639e+15 -1.88192e+29 
-0.0102473 -2.3904e+16 -8.61826e+15 -2.03636e+29 
-6.46976e-05 -2.3139e+16 -9.52273e+15 -1.92151e+29 
4.47216 -2.24166e+16 -1.03778e+16 -1.81313e+29 
0 -2.53047e+16 -1.45915e+16 -1.96099e+29 
-1.29785e-06 -2.81285e+16 -1.87708e+16 -2.13658e+29 
-0.0102559 -3.08123e+16 -2.29795e+16 -2.31975e+29 
-4.80144e-05 -3.00275e+16 -2.36749e+16 -2.20516e+29 
4.51417 -2.92862e+16 -2.4332e+16 -2.09702e+29 
0 -3.22757e+16 -2.79445e+16 -2.27439e+29 
3.20411e-07 -3.14843e+16 -2.84712e+16 -2.16356e+29 
-0.0102846 -3.44897e+16 -3.18701e+16 -2.34348e+29 
2.23039e-05 -3.36241e+16 -3.22372e+16 -2.22913e+29 
4.55315 -3.28063e+16 -3.25833e+16 -2.1212e+29 
0 -3.5076e+16 -3.59342e+16 -2.2964e+29 
1.95225e-06 -3.41796e+16 -3.61047e+16 -2.18622e+29 
-0.010294 -3.57839e+16 -3.89095e+16 -2.36483e+29 
-4.53313e-05 -3.48028e+16 -3.88865e+16 -2.25161e+29 
4.58916 -3.38755e+16 -3.8863e+16 -2.14473e+29 
0 -3.54187e+16 -3.99485e+16 -2.3194e+29 
-2.21078e-06 -3.72555e+16 -4.03922e+16 -2.52221e+29 
-0.0102948 -3.91802e+16 -4.07034e+16 -2.73419e+29 
2.84731e-05 -3.80998e+16 -4.02394e+16 -2.62259e+29 
4.6342 -3.70783e+16 -3.97982e+16 -2.51725e+29 
0 -3.93082e+16 -4.02907e+16 -2.72573e+29 
3.15456e-06 -3.79584e+16 -3.94829e+16 -2.59849e+29 
-0.0103252 -3.95792e+16 -3.97855e+16 -2.78769e+29 
-4.25116e-05 -3.81796e+16 -3.8857e+16 -2.65805e+29 
4.67018 -3.68568e+16 -3.79764e+16 -2.53572e+29 
0 -3.75747e+16 -3.77516e+16 -2.71677e+29 
-4.13354e-07 -3.61877e+16 -3.67849e+16 -2.59289e+29 
-0.0103408 -3.67084e+16 -3.62158e+16 -2.77496e+29 
1.5988e-05 -3.52519e+16 -3.51733e+16 -2.6485e+29 
4.71221 -3.38751e+16 -3.41848e+16 -2.52916e+29 
0 -3.42197e+16 -3.31374e+16 -2.7045e+29 
-6.68651e-07 -3.28208e+16 -3.20688e+16 -2.58344e+29 
-0.0101873 -3.3393e+16 -3.07384e+16 -2.76067e+29 
-1.00198e-05 -3.2001e+16 -2.96163e+16 -2.63687e+29 
4.75119 -3.06852e+16 -2.85525e+16 -2.52003e+29 
0 -3.20734e+16 -2.68406e+16 -2.69156e+29 
3.52802e-06 -3.05674e+16 -2.57607e+16 -2.55094e+29 
-0.0102417 -3.137e+16 -2.39408e+16 -2.69971e+29 
5.02024e-05 -2.98584e+16 -2.29282e+16 -2.55667e+29 
4.79322 -2.84303e+16 -2.19687e+16 -2.42172e+29 
0 -2.86313e+16 -2.00851e+16 -2.56088e+29 
-7.5005e-07 -2.71767e+16 -1.91632e+16 -2.42426e+29 
-0.0102706 -2.69676e+16 -1.63035e+16 -2.56322e+29 
-1.42e-05 -2.54999e+16 -1.54035e+16 -2.42395e+29 
4.83221 -2.41132e+16 -1.45506e+16 -2.29255e+29 
0 -2.41873e+16 -1.07701e+16 -2.42425e+29 
2.67484e-06 -2.28412e+16 -9.96221e+15 -2.29133e+29 
-0.0102224 -2.29334e+16 -6.25618e+15 -2.42443e+29 
-3.2841e-05 -2.16233e+16 -5.50204e+15 -2.28905e+29 
4.87121 -2.03858e+16 -4.78725e+15 -2.16132e+29 
0 -2.04257e+16 -1.04566e+15 -2.28881e+29 
-5.00266e-07 -1.92332e+16 -4.02575e+14 -2.15964e+29 
-0.0101957 -2.00064e+16 2.9897e+15 -2.28957e+29 
-4.03416e-05 -1.88344e+16 3.55701e+15 -2.15802e+29 
4.91321 -1.77275e+16 4.09488e+15 -2.03389e+29 
0 -1.87839e+16 6.69126e+15 -2.15929e+29 
-3.29734e-06 -2.00701e+16 9.14087e+15 -2.31344e+29 
-0.0102562 -2.09969e+16 1.08882e+16 -2.47549e+29 
4.0278e-05 -1.98574e+16 1.1243e+16 -2.34754e+29 
4.95221 -1.87812e+16 1.15796e+16 -2.2268e+29 
0 -1.97903e+16 1.29309e+16 -2.38549e+29 
7.47483e-07 -1.87458e+16 1.31799e+16 -2.26365e+29 
-0.0101863 -2.02847e+16 1.41799e+16 -2.42658e+29 
1.77382e-07 -1.92853e+16 1.42926e+16 -2.30279e+29 
4.99424 -1.83417e+16 1.44e+16 -2.18598e+29 
0 -2.06765e+16 1.50173e+16 -2.34627e+29 
4.21497e-06 -1.97638e+16 1.49448e+16 -2.22858e+29 
-0.010163 -2.18367e+16 1.53382e+16 -2.39364e+29 
-3.91185e-05 -2.0947e+16 1.51061e+16 -2.27413e+29 
5.03325 -2.01071e+16 1.48868e+16 -2.16136e+29 
0 -2.13932e+16 1.46825e+16 -2.32412e+29 
7.83726e-07 -2.05841e+16 1.43123e+16 -2.21048e+29 
-0.0102189 -2.11782e+16 1.32087e+16 -2.37826e+29 
1.60207e-05 -2.03495e+16 1.27183e+16 -2.26278e+29 
5.07225 -1.95672e+16 1.22544e+16 -2.1538e+29 
0 -1.94717e+16 1.08331e+16 -2.31936e+29 
-2.93597e-06 -1.90492e+16 9.35515e+15 -2.49353e+29 
-0.0102313 -1.88235e+16 7.39279e+15 -2.67435e+29 
-2.0826e-05 -1.78351e+16 6.72273e+15 -2.5429e+29 
5.11127 -1.69023e+16 6.08918e+15 -2.41891e+29 
0 -1.65814e+16 4.1659e+15 -2.59248e+29 
8.60353e-07 -1.56429e+16 3.5436e+15 -2.46756e+29 
-0.0101872 -1.55297e+16 2.30927e+15 -2.64281e+29 
-6.06278e-05 -1.45518e+16 1.70623e+15 -2.51587e+29 
5.15023 -1.3629e+16 1.13608e+15 -2.39613e+29 
0 -1.4098e+16 6.66218e+14 -2.56539e+29 
1.77896e-06 -1.30986e+16 1.23266e+14 -2.4444e+29 
-0.0101773 -1.30252e+16 -5.46696e+13 -2.61608e+29 
3.65147e-05 -1.19688e+16 -5.7286e+14 -2.49277e+29 
5.19224 -1.09714e+16 -1.06272e+15 -2.37644e+29 
0 -9.99588e+15 -9.24422e+14 -2.54301e+29 
1.24071e-06 -8.99849e+15 -1.36652e+15 -2.42515e+29 
-0.0102177 -8.26213e+15 -7.92936e+14 -2.59463e+29 
-4.07289e-05 -7.29786e+15 -1.14968e+15 -2.47417e+29 
5.23125 -6.38764e+15 -1.48671e+15 -2.36053e+29 
0 -6.38315e+15 5.28899e+14 -2.52547e+29 
6.69166e-06 -5.49194e+15 3.29679e+14 -2.38862e+29 
-0.0102225 -5.19557e+15 3.09772e+15 -2.53217e+29 
7.0775e-06 -4.36493e+15 2.99731e+15 -2.39309e+29 
5.27326 -3.58189e+15 2.90312e+15 -2.26193e+29 
0 -2.61382e+15 6.88596e+15 -2.39715e+29 
1.89939e-06 -1.89338e+15 6.88048e+15 -2.26482e+29 
-0.0101467 -4.17126e+14 1.17656e+16 -2.40093e+29 
5.27445e-05 2.67688e+14 1.17986e+16 -2.26649e+29 
5.31227 9.12874e+14 1.18307e+16 -2.13969e+29 
0 3.55914e+15 1.73936e+16 -2.26943e+29 
-4.06423e-07 4.20798e+15 1.74191e+16 -2.14146e+29 
-0.0102189 7.40183e+15 2.41156e+16 -2.27329e+29 
-5.28719e-05 8.03049e+15 2.41191e+16 -2.14315e+29 
5.35428 8.62267e+15 2.41232e+16 -2.0204e+29 
0 1.09898e+16 3.17644e+16 -2.14711e+29 
-1.72645e-06 1.27918e+16 3.94239e+16 -2.30227e+29 
-0.0102196 1.49256e+16 4.74029e+16 -2.46523e+29 
-9.8487e-06 1.53923e+16 4.73239e+16 -2.3389e+29 
5.39329 1.58313e+16 4.72498e+16 -2.21973e+29 
0 1.8921e+16 5.5189e+16 -2.3784e+29 
2.31646e-06 1.93496e+16 5.4993e+16 -2.25778e+29 
-0.0101372 2.25058e+16 6.25742e+16 -2.41998e+29 
-2.75688e-05 2.29118e+16 6.22335e+16 -2.29702e+29 
5.4293 2.32933e+16 6.19116e+16 -2.18103e+29 
0 2.58433e+16 6.99159e+16 -2.33996e+29 
-1.98469e-06 2.82998e+16 7.83682e+16 -2.52745e+29 
-0.0101155 3.03897e+16 8.6572e+16 -2.72412e+29 
-3.49722e-05 3.06155e+16 8.58308e+16 -2.60499e+29 
5.47128 3.08267e+16 8.51297e+16 -2.4926e+29 
0 3.27621e+16 9.33408e+16 -2.68664e+29 
3.69528e-07 3.28227e+16 9.23982e+16 -2.57328e+29 
-0.0102026 3.43904e+16 1.00746e+17 -2.77216e+29 
-4.10462e-05 3.42868e+16 9.95178e+16 -2.65691e+29 
5.51029 3.41862e+16 9.83552e+16 -2.54818e+29 
0 3.50345e+16 1.05694e+17 -2.74469e+29 
-1.832e-06 3.57539e+16 1.12032e+17 -2.94978e+29 
-0.0101179 3.66395e+16 1.17574e+17 -3.16149e+29 
-0.000101417 3.62822e+16 1.15345e+17 -3.03032e+29 
5.55239 3.59414e+16 1.13236e+17 -2.90662e+29 
0 3.68345e+16 1.17858e+17 -3.11106e+29 
1.94858e-06 3.63655e+16 1.15513e+17 -2.98647e+29 
-0.0101381 3.64627e+16 1.19624e+17 -3.19261e+29 
-2.367e-05 3.58758e+16 1.17075e+17 -3.06607e+29 
5.59131 3.53177e+16 1.14663e+17 -2.94673e+29 
0 3.49248e+16 1.17929e+17 -3.14695e+29 
9.21003e-07 3.41545e+16 1.14699e+17 -3.00481e+29 
-0.010134 3.41656e+16 1.15914e+17 -3.18251e+29 
-5.61699e-05 3.33622e+16 1.12514e+17 -3.03863e+29 
5.63335 3.25998e+16 1.093e+17 -2.90297e+29 
0 3.29216e+16 1.08926e+17 -3.07096e+29 
1.68908e-06 3.21248e+16 1.05541e+17 -2.93419e+29 
-0.0101452 3.25327e+16 1.04639e+17 -3.10189e+29 
2.7203e-05 3.17166e+16 1.01064e+17 -2.96288e+29 
5.67237 3.09422e+16 9.76833e+16 -2.8318e+29 
0 3.10968e+16 9.63778e+16 -2.99173e+29 
-2.08999e-06 3.08687e+16 9.43415e+16 -3.15616e+29 
-0.010151 3.11551e+16 9.15499e+16 -3.32343e+29 
-3.4365e-05 3.03399e+16 8.7463e+16 -3.16531e+29 
5.71135 2.95668e+16 8.36008e+16 -3.01626e+29 
0 3.0564e+16 8.01981e+16 -3.17333e+29 
-1.22511e-06 3.18886e+16 7.68412e+16 -3.35864e+29 
-0.0101537 3.28596e+16 7.39394e+16 -3.54832e+29 
-3.81575e-05 3.21194e+16 7.01384e+16 -3.39654e+29 
5.75342 3.14172e+16 6.65463e+16 -3.25346e+29 
0 3.18004e+16 6.43403e+16 -3.43556e+29 
1.80947e-06 3.11531e+16 6.08112e+16 -3.29145e+29 
-0.0101283 3.11455e+16 5.94303e+16 -3.47454e+29 
6.66616e-05 3.05121e+16 5.60173e+16 -3.32849e+29 
5.79242 2.9911e+16 5.27917e+16 -3.1908e+29 
0 2.96757e+16 5.27317e+16 -3.36861e+29 
2.16021e-07 2.90658e+16 4.96967e+16 -3.23013e+29 
-0.0101236 2.80288e+16 4.98213e+16 -3.41056e+29 
-2.81537e-06 2.74047e+16 4.6962e+16 -3.27039e+29 
5.83438 2.68126e+16 4.42601e+16 -3.13825e+29 
0 2.54622e+16 4.40425e+16 -3.31487e+29 
1.94576e-06 2.48343e+16 4.1356e+16 -3.15914e+29 
-0.0101054 2.36277e+16 4.14158e+16 -3.3133e+29 
-4.5599e-05 2.29952e+16 3.89491e+16 -3.15667e+29 
5.87038 2.23954e+16 3.66202e+16 -3.00906e+29 
0 2.0925e+16 3.7563e+16 -3.15632e+29 
-1.80166e-06 1.93012e+16 3.8608e+16 -3.30823e+29 
-0.0101114 1.81391e+16 3.95165e+16 -3.46317e+29 
3.67575e-05 1.73333e+16 3.75568e+16 -3.29169e+29 
5.91243 1.65701e+16 3.57086e+16 -3.13015e+29 
0 1.57626e+16 3.62798e+16 -3.27593e+29 
-4.03043e-07 1.50168e+16 3.45686e+16 -3.11516e+29 
-0.0101935 1.45186e+16 3.52464e+16 -3.26092e+29 
-2.30769e-05 1.38115e+16 3.3606e+16 -3.09971e+29 
5.95138 1.31416e+16 3.20591e+16 -2.94783e+29 
0 1.28567e+16 3.32329e+16 -3.08695e+29 
-4.67559e-07 1.22334e+16 3.16912e+16 -2.93534e+29 
-0.0100469 1.18225e+16 3.31214e+16 -3.07598e+29 
-1.01472e-05 1.12867e+16 3.15767e+16 -2.92343e+29 
5.9904 1.07788e+16 3.012e+16 -2.77971e+29 
0 1.0505e+16 3.24276e+16 -2.91539e+29 
2.22658e-06 1.00932e+16 3.10077e+16 -2.77141e+29 
-0.00997834 9.74857e+15 3.33647e+16 -2.90976e+29 
4.91165e-05 9.41033e+15 3.19569e+16 -2.7645e+29 
6.03238 9.08928e+15 3.06295e+16 -2.62764e+29 
0 8.78029e+15 3.28236e+16 -2.76261e+29 
6.83393e-07 8.59193e+15 3.125e+16 -2.60224e+29 
-0.0101442 9.08242e+15 3.35112e+16 -2.71463e+29 
-7.69319e-05 8.92937e+15 3.1949e+16 -2.55386e+29 
6.07142 8.78351e+15 3.04765e+16 -2.40244e+29 
0 1.02932e+16 3.23174e+16 -2.5085e+29 
-4.16547e-07 1.01599e+16 3.0889e+16 -2.35782e+29 
-0.0101113 1.15392e+16 3.25623e+16 -2.46598e+29 
-2.92664e-05 1.14016e+16 3.11631e+16 -2.315e+29 
6.11345 1.12704e+16 2.98444e+16 -2.17279e+29 
0 1.27387e+16 3.22157e+16 -2.27674e+29 
-1.26937e-06 1.4542e+16 3.50319e+16 -2.4099e+29 
-0.0100526 1.62061e+16 3.72383e+16 -2.55068e+29 
-9.51069e-06 1.60653e+16 3.58986e+16 -2.40866e+29 
6.15249 1.59311e+16 3.4636e+16 -2.27489e+29 
0 1.80918e+16 3.60307e+16 -2.4127e+29 
-3.12281e-06 2.08222e+16 3.7201e+16 -2.57974e+29 
-0.0100391 2.30169e+16 3.86755e+16 -2.75518e+29 
6.10163e-05 2.28941e+16 3.728e+16 -2.62097e+29 
6.18844 2.27771e+16 3.59643e+16 -2.49455e+29 
0 2.52096e+16 3.80019e+16 -2.66766e+29 
9.74634e-07 2.51046e+16 3.66385e+16 -2.54119e+29 
-0.0101069 2.76506e+16 3.84791e+16 -2.71914e+29 
1.47908e-05 2.75151e+16 3.7048e+16 -2.59164e+29 
6.23346 2.7386e+16 3.56984e+16 -2.47154e+29 
0 2.97375e+16 3.68201e+16 -2.64796e+29 
-5.18537e-07 2.9521e+16 3.54425e+16 -2.52792e+29 
-0.0100815 3.12359e+16 3.60202e+16 -2.70992e+29 
1.99953e-05 3.09497e+16 3.46218e+16 -2.58898e+29 
6.26948 3.06782e+16 3.33029e+16 -2.47505e+29 
0 3.19067e+16 3.32535e+16 -2.65591e+29 
-1.20493e-06 3.3308e+16 3.25037e+16 -2.84571e+29 
-0.0100343 3.4319e+16 3.09027e+16 -3.04253e+29 
2.46006e-05 3.37947e+16 2.92251e+16 -2.90809e+29 
6.31151 3.32982e+16 2.76432e+16 -2.78149e+29 
0 3.40832e+16 2.5278e+16 -2.97222e+29 
-1.80431e-06 3.45286e+16 2.27098e+16 -3.16926e+29 
-0.0100024 3.52071e+16 2.07993e+16 -3.37076e+29 
6.51907e-05 3.43843e+16 1.90974e+16 -3.22188e+29 
6.35048 3.3606e+16 1.74935e+16 -3.08173e+29 
0 3.48723e+16 1.6761e+16 -3.27367e+29 
-3.00463e-06 3.6218e+16 1.66376e+16 -3.49342e+29 
-0.0100523 3.65815e+16 1.64127e+16 -3.71873e+29 
-6.18754e-05 3.56689e+16 1.47985e+16 -3.57735e+29 
6.39252 3.48057e+16 1.32771e+16 -3.44423e+29 
0 3.51899e+16 1.28941e+16 -3.66216e+29 
-4.39624e-07 3.42694e+16 1.14124e+16 -3.52844e+29 
-0.010012 3.59247e+16 1.11836e+16 -3.74762e+29 
-1.73567e-05 3.49849e+16 9.75979e+15 -3.61209e+29 
6.43152 3.40959e+16 8.41815e+15 -3.48449e+29 
0 3.75278e+16 8.48819e+15 -3.69778e+29 
8.42087e-07 3.65176e+16 7.15376e+15 -3.54575e+29 
-0.0100503 4.07551e+16 6.98244e+15 -3.7347e+29 
-3.09726e-05 3.97633e+16 5.80362e+15 -3.58124e+29 
6.47353 3.88258e+16 4.69438e+15 -3.43677e+29 
0 4.32138e+16 4.10496e+15 -3.61692e+29 
1.44455e-06 4.22134e+16 3.2202e+15 -3.44693e+29 
-0.00998032 4.6849e+16 2.78272e+15 -3.59921e+29 
1.50626e-07 4.58674e+16 2.02082e+15 -3.42867e+29 
6.51262 4.49401e+16 1.30602e+15 -3.26818e+29 
0 5.09555e+16 9.84666e+14 -3.41031e+29 
6.35004e-07 4.98542e+16 1.99316e+14 -3.22404e+29 
-0.00993257 5.66537e+16 -1.31218e+15 -3.3361e+29 
-7.03647e-05 5.55969e+16 -2.0821e+15 -3.15028e+29 
6.55162 5.45991e+16 -2.804e+15 -2.97545e+29 
0 6.2007e+16 -5.09344e+15 -3.07645e+29 
2.24217e-06 6.10432e+16 -5.78368e+15 -2.90266e+29 
-0.0100262 6.78948e+16 -7.15575e+15 -3.00205e+29 
1.47622e-05 6.68798e+16 -7.82936e+15 -2.82801e+29 
6.59362 6.59214e+16 -8.4607e+15 -2.66426e+29 
0 7.3092e+16 -9.1475e+15 -2.75585e+29 
1.98744e-06 7.19809e+16 -9.77101e+15 -2.59242e+29 
-0.0100211 7.8725e+16 -1.05023e+16 -2.6845e+29 
5.98063e-06 7.74201e+16 -1.1105e+16 -2.52028e+29 
6.62962 7.61879e+16 -1.16698e+16 -2.36576e+29 
0 8.16357e+16 -1.32207e+16 -2.45272e+29 
-3.33285e-07 8.0224e+16 -1.37245e+16 -2.29838e+29 
-0.00997418 8.5643e+16 -1.56236e+16 -2.38784e+29 
-2.46026e-05 8.40494e+16 -1.60778e+16 -2.23276e+29 
6.67462 8.25442e+16 -1.65026e+16 -2.08683e+29 
0 8.79848e+16 -1.77604e+16 -2.17348e+29 
3.19191e-06 8.62328e+16 -1.81415e+16 -2.02801e+29 
-0.00997438 9.12991e+16 -1.95839e+16 -2.119e+29 
-4.9359e-05 8.92697e+16 -1.98657e+16 -1.97323e+29 
6.71062 8.73527e+16 -2.01278e+16 -1.83604e+29 
0 9.13308e+16 -2.23336e+16 -1.92611e+29 
-1.09233e-06 9.50931e+16 -2.48965e+16 -2.04606e+29 
-0.0099787 9.86604e+16 -2.67266e+16 -2.17533e+29 
4.8306e-05 9.62352e+16 -2.67808e+16 -2.03925e+29 
6.75263 9.39439e+16 -2.68281e+16 -1.91119e+29 
0 9.68785e+16 -2.82813e+16 -2.04042e+29 
-1.82329e-06 9.92471e+16 -2.98283e+16 -2.19924e+29 
-0.0100413 1.01677e+17 -3.1238e+16 -2.36839e+29 
4.16173e-05 9.89535e+16 -3.12406e+16 -2.24159e+29 
6.79162 9.63798e+16 -3.12393e+16 -2.12225e+29 
0 9.89548e+16 -3.32295e+16 -2.29158e+29 
-8.5702e-07 9.62671e+16 -3.31517e+16 -2.17321e+29 
-0.00995878 9.88795e+16 -3.58617e+16 -2.34935e+29 
-9.22194e-05 9.60722e+16 -3.56953e+16 -2.23085e+29 
6.83062 9.34194e+16 -3.55344e+16 -2.11933e+29 
0 9.64949e+16 -3.80047e+16 -2.2955e+29 
7.19625e-07 9.37173e+16 -3.77963e+16 -2.1846e+29 
-0.0100432 9.66494e+16 -4.02695e+16 -2.36755e+29 
-0.000112318 9.37567e+16 -4.00041e+16 -2.25616e+29 
6.87265 9.10229e+16 -3.97498e+16 -2.15133e+29 
0 9.47238e+16 -4.2116e+16 -2.33394e+29 
-1.44331e-06 9.86934e+16 -4.38932e+16 -2.52646e+29 
-0.0100474 1.01598e+17 -4.54409e+16 -2.72683e+29 
-2.2931e-05 9.83952e+16 -4.48669e+16 -2.60279e+29 
6.91162 9.53702e+16 -4.4321e+16 -2.48608e+29 
0 9.77493e+16 -4.60129e+16 -2.6805e+29 
1.0454e-06 9.43978e+16 -4.53356e+16 -2.54287e+29 
-0.00985408 9.6326e+16 -4.7092e+16 -2.71581e+29 
-1.75345e-05 9.30406e+16 -4.63949e+16 -2.5773e+29 
6.95367 8.99394e+16 -4.5733e+16 -2.447e+29 
0 9.16154e+16 -4.68243e+16 -2.61012e+29 
1.76664e-06 8.85576e+16 -4.61008e+16 -2.47947e+29 
-0.00977484 9.01263e+16 -4.55778e+16 -2.64256e+29 
8.97776e-06 8.70862e+16 -4.47514e+16 -2.51036e+29 
6.99266 8.42163e+16 -4.39674e+16 -2.38599e+29 
0 8.59204e+16 -4.21051e+16 -2.54139e+29 
2.07703e-06 8.30321e+16 -4.12376e+16 -2.41602e+29 
-0.00950297 8.49871e+16 -3.97143e+16 -2.57258e+29 
2.18e-05 8.20732e+16 -3.87691e+16 -2.44508e+29 
7.02863 7.93222e+16 -3.78729e+16 -2.3251e+29 
0 8.16603e+16 -3.76296e+16 -2.47544e+29 
2.28345e-06 7.83449e+16 -3.6511e+16 -2.33116e+29 
-0.00952721 8.01298e+16 -3.58749e+16 -2.45748e+29 
4.09315e-07 7.68202e+16 -3.47433e+16 -2.31137e+29 
7.07364 7.36971e+16 -3.36716e+16 -2.17391e+29 
0 7.50727e+16 -3.25315e+16 -2.29099e+29 
1.9618e-06 7.19907e+16 -3.1434e+16 -2.15258e+29 
-0.00956582 7.30854e+16 -3.13686e+16 -2.26986e+29 
4.05528e-05 7.00374e+16 -3.02362e+16 -2.12969e+29 
7.10965 6.71608e+16 -2.91638e+16 -1.99779e+29 
0 6.83767e+16 -3.01586e+16 -2.10882e+29 
2.58646e-06 6.55521e+16 -2.90886e+16 -1.9763e+29 
-0.00961594 6.71711e+16 -3.08616e+16 -2.08955e+29 
-8.39623e-05 6.43891e+16 -2.98831e+16 -1.95558e+29 
7.15164 6.17636e+16 -2.89561e+16 -1.8295e+29 
0 6.49559e+16 -3.16809e+16 -1.93843e+29 
1.62218e-06 6.23629e+16 -3.09083e+16 -1.81183e+29 
-0.00956961 6.57298e+16 -3.45535e+16 -1.9242e+29 
-1.5015e-05 6.31393e+16 -3.38916e+16 -1.79621e+29 
7.19066 6.06943e+16 -3.32639e+16 -1.67573e+29 
0 6.36817e+16 -3.82524e+16 -1.78493e+29 
-3.06614e-06 6.68753e+16 -4.35502e+16 -1.923e+29 
-0.00955129 6.90391e+16 -4.86368e+16 -2.0699e+29 
8.89384e-05 6.65462e+16 -4.80536e+16 -1.94735e+29 
7.23265 6.4193e+16 -4.75005e+16 -1.83199e+29 
0 6.63845e+16 -5.30012e+16 -1.97686e+29 
3.06671e-06 6.40405e+16 -5.25019e+16 -1.86114e+29 
-0.00955646 6.76307e+16 -5.90461e+16 -2.01128e+29 
8.12101e-06 6.53044e+16 -5.85285e+16 -1.8944e+29 
7.27167 6.31084e+16 -5.80374e+16 -1.78437e+29 
0 6.77126e+16 -6.55107e+16 -1.93306e+29 
-1.47371e-06 7.29259e+16 -7.31155e+16 -2.11037e+29 
-0.00958137 7.75045e+16 -8.0145e+16 -2.29815e+29 
-7.87626e-06 7.53112e+16 -7.94662e+16 -2.18672e+29 
7.31369 7.32407e+16 -7.88226e+16 -2.08179e+29 
0 7.72307e+16 -8.56912e+16 -2.2683e+29 
2.45929e-06 7.50609e+16 -8.49039e+16 -2.163e+29 
-0.00957715 7.86415e+16 -9.28494e+16 -2.35539e+29 
1.32251e-05 7.63646e+16 -9.18866e+16 -2.24879e+29 
7.34977 7.42146e+16 -9.09743e+16 -2.14841e+29 
0 7.84008e+16 -9.98128e+16 -2.33941e+29 
2.05604e-06 7.57898e+16 -9.82826e+16 -2.21975e+29 
-0.00957511 7.96189e+16 -1.07335e+17 -2.39438e+29 
1.1276e-05 7.70287e+16 -1.05631e+17 -2.27334e+29 
7.38868 7.45839e+16 -1.04018e+17 -2.15937e+29 
0 7.79398e+16 -1.13341e+17 -2.32725e+29 
-1.98649e-06 8.12096e+16 -1.22603e+17 -2.52257e+29 
-0.00967609 8.37751e+16 -1.30854e+17 -2.72601e+29 
0.000130733 8.12768e+16 -1.28836e+17 -2.60951e+29 
7.43381 7.89186e+16 -1.26927e+17 -2.49981e+29 
0 8.0482e+16 -1.33592e+17 -2.6977e+29 
-1.45121e-06 8.12106e+16 -1.39516e+17 -2.90262e+29 
-0.00967679 8.12493e+16 -1.44178e+17 -3.11263e+29 
-5.80241e-05 7.8202e+16 -1.41303e+17 -2.97935e+29 
7.46977 7.53263e+16 -1.38585e+17 -2.85387e+29 
0 7.50285e+16 -1.41604e+17 -3.05425e+29 
-3.6601e-06 7.47978e+16 -1.44056e+17 -3.28202e+29 
-0.00966166 7.36519e+16 -1.46704e+17 -3.5157e+29 
-2.32917e-05 7.07366e+16 -1.43621e+17 -3.38671e+29 
7.51177 6.79853e+16 -1.40706e+17 -3.26524e+29 
0 6.69739e+16 -1.43313e+17 -3.49124e+29 
-2.71128e-06 6.67259e+16 -1.45971e+17 -3.74515e+29 
-0.00965308 6.57978e+16 -1.48649e+17 -4.0057e+29 
9.0474e-05 6.29332e+16 -1.45176e+17 -3.87996e+29 
7.55077 6.02292e+16 -1.41893e+17 -3.76154e+29 
0 5.89748e+16 -1.44427e+17 -4.01634e+29 
-6.41548e-06 5.73275e+16 -1.46435e+17 -4.27718e+29 
-0.00969052 5.56081e+16 -1.485e+17 -4.54227e+29 
-4.03992e-05 5.25384e+16 -1.4405e+17 -4.39822e+29 
7.59278 4.96424e+16 -1.39845e+17 -4.26257e+29 
0 4.81811e+16 -1.42579e+17 -4.51856e+29 
-2.61881e-06 4.65534e+16 -1.45244e+17 -4.77839e+29 
-0.00951861 4.54045e+16 -1.46843e+17 -5.04049e+29 
5.13484e-05 4.25066e+16 -1.42081e+17 -4.87845e+29 
7.63177 3.97748e+16 -1.37583e+17 -4.72589e+29 
0 3.99719e+16 -1.39103e+17 -4.97727e+29 
-3.94901e-06 4.05932e+16 -1.40892e+17 -5.23115e+29 
-0.00964337 4.05989e+16 -1.43021e+17 -5.48598e+29 
-3.82471e-05 3.80494e+16 -1.38484e+17 -5.30734e+29 
7.67077 3.56482e+16 -1.34202e+17 -5.1392e+29 
0 3.52438e+16 -1.36537e+17 -5.38225e+29 
-5.92061e-06 3.45657e+16 -1.38181e+17 -5.62642e+29 
-0.00976666 3.47571e+16 -1.40108e+17 -5.87017e+29 
6.90067e-05 3.25119e+16 -1.35692e+17 -5.67532e+29 
7.71278 3.03992e+16 -1.31526e+17 -5.49198e+29 
0 3.11395e+16 -1.33774e+17 -5.72332e+29 
-2.46847e-06 3.13019e+16 -1.35736e+17 -5.95438e+29 
-0.00969589 3.21969e+16 -1.37896e+17 -6.1838e+29 
4.48743e-05 3.02966e+16 -1.33502e+17 -5.97267e+29 
7.75177 2.85106e+16 -1.29359e+17 -5.77408e+29 
0 3.00584e+16 -1.30771e+17 -5.99151e+29 
-8.12044e-07 2.82931e+16 -1.26147e+17 -5.76345e+29 
-0.00970311 3.0398e+16 -1.26023e+17 -5.94429e+29 
2.73355e-05 2.87426e+16 -1.21538e+17 -5.71814e+29 
7.79379 2.71884e+16 -1.17312e+17 -5.50549e+29 
0 2.96773e+16 -1.16648e+17 -5.67539e+29 
-1.6176e-06 3.1546e+16 -1.14973e+17 -5.844e+29 
-0.00963541 3.32756e+16 -1.13706e+17 -6.01021e+29 
-3.82182e-06 3.15642e+16 -1.09261e+17 -5.77105e+29 
7.83279 2.9958e+16 -1.05073e+17 -5.54625e+29 
0 3.10564e+16 -1.04107e+17 -5.70283e+29 
-2.71005e-06 3.15118e+16 -1.02562e+17 -5.85813e+29 
-0.00964431 3.14904e+16 -1.01371e+17 -6.01108e+29 
2.35399e-05 2.98965e+16 -9.69633e+16 -5.76116e+29 
7.87481 2.84019e+16 -9.28136e+16 -5.52633e+29 
0 2.79421e+16 -9.27759e+16 -5.67099e+29 
-2.44418e-06 2.73959e+16 -9.30212e+16 -5.81451e+29 
-0.00964384 2.76634e+16 -9.2777e+16 -5.95587e+29 
4.20359e-06 2.60612e+16 -8.83824e+16 -5.69756e+29 
7.91081 2.45593e+16 -8.42474e+16 -5.45493e+29 
0 2.55584e+16 -8.28378e+16 -5.58935e+29 
-3.06828e-06 2.64911e+16 -8.08676e+16 -5.75629e+29 
-0.00971405 2.81015e+16 -7.89933e+16 -5.92423e+29 
0.000104152 2.65639e+16 -7.52144e+16 -5.69106e+29 
7.94981 2.51223e+16 -7.16583e+16 -5.47203e+29 
0 2.76261e+16 -7.00513e+16 -5.63715e+29 
1.16931e-06 2.58592e+16 -6.648e+16 -5.39193e+29 
-0.00970096 2.80812e+16 -6.53649e+16 -5.52636e+29 
-5.83563e-05 2.63257e+16 -6.20182e+16 -5.28626e+29 
7.99186 2.46795e+16 -5.88711e+16 -5.0608e+29 
0 2.60016e+16 -5.93115e+16 -5.19205e+29 
4.01084e-07 2.42434e+16 -5.61155e+16 -4.94129e+29 
-0.00967066 2.4539e+16 -5.61152e+16 -5.0416e+29 
5.89045e-05 2.29093e+16 -5.30991e+16 -4.79682e+29 
8.03084 2.13821e+16 -5.02647e+16 -4.56706e+29 
0 2.0738e+16 -4.99603e+16 -4.664e+29 
-1.75876e-06 1.94663e+16 -4.9806e+16 -4.76269e+29 
-0.00961664 1.78737e+16 -4.84135e+16 -4.862e+29 
0.000102073 1.64683e+16 -4.54324e+16 -4.61437e+29 
8.07284 1.5153e+16 -4.26323e+16 -4.38202e+29 
0 1.29336e+16 -3.94938e+16 -4.47789e+29 
2.0498e-06 1.14538e+16 -3.67096e+16 -4.22164e+29 
-0.00972611 8.98932e+15 -3.35524e+16 -4.28641e+29 
1.37108e-05 7.5067e+15 -3.09874e+16 -4.03716e+29 
8.11187 6.11924e+15 -2.85801e+16 -3.80338e+29 
0 4.27316e+15 -2.68277e+16 -3.86406e+29 
7.50408e-07 2.82672e+15 -2.46177e+16 -3.63715e+29 
-0.00966568 2.60517e+14 -2.31329e+16 -3.70008e+29 
2.25577e-05 -1.24616e+15 -2.10541e+16 -3.47828e+29 
8.15387 -2.65713e+15 -1.91035e+16 -3.27024e+29 
0 -6.46528e+15 -1.68342e+16 -3.33214e+29 
2.07007e-06 -7.86493e+15 -1.49214e+16 -3.12952e+29 
-0.0097522 -1.12401e+16 -1.27654e+16 -3.19596e+29 
-1.07972e-05 -1.25773e+16 -1.08997e+16 -2.99729e+29 
8.19289 -1.38294e+16 -9.14897e+15 -2.81094e+29 
0 -1.67688e+16 -7.51267e+15 -2.87854e+29 
2.12769e-06 -1.79329e+16 -5.61026e+15 -2.66988e+29 
-0.00967958 -2.10575e+16 -2.30141e+15 -2.71373e+29 
1.25985e-05 -2.20531e+16 -5.35287e+14 -2.50968e+29 
8.22889 -2.2983e+16 1.12085e+15 -2.31835e+29 
0 -2.62994e+16 4.42543e+15 -2.36099e+29 
-1.04435e-06 -3.0016e+16 6.92991e+15 -2.43547e+29 
-0.00968716 -3.27754e+16 9.82021e+15 -2.51656e+29 
-1.45211e-05 -3.33462e+16 1.10129e+16 -2.33435e+29 
8.27392 -3.38766e+16 1.21297e+16 -2.16351e+29 
0 -3.58615e+16 1.58579e+16 -2.2457e+29 
-7.32723e-07 -3.62822e+16 1.68523e+16 -2.07961e+29 
-0.00963812 -3.74039e+16 2.05353e+16 -2.16868e+29 
-9.95322e-06 -3.76933e+16 2.1437e+16 -2.00602e+29 
8.30991 -3.7959e+16 2.22802e+16 -1.8535e+29 
0 -3.73112e+16 2.59618e+16 -1.94469e+29 
-2.21363e-06 -3.62397e+16 3.00503e+16 -2.06698e+29 
-0.00964957 -3.53052e+16 3.47424e+16 -2.19919e+29 
-4.53335e-05 -3.52204e+16 3.53324e+16 -2.05329e+29 
8.35195 -3.51339e+16 3.58824e+16 -1.91649e+29 
0 -3.36839e+16 4.13772e+16 -2.05093e+29 
1.35066e-06 -3.34759e+16 4.1847e+16 -1.91723e+29 
-0.00964568 -3.10798e+16 4.83101e+16 -2.05967e+29 
-3.94893e-06 -3.07488e+16 4.86176e+16 -1.92781e+29 
8.39095 -3.04305e+16 4.89016e+16 -1.80419e+29 
0 -2.74629e+16 5.59105e+16 -1.94908e+29 
-7.526e-07 -2.68158e+16 5.59686e+16 -1.80824e+29 
-0.00965331 -2.23227e+16 6.35296e+16 -1.93809e+29 
-3.38716e-06 -2.15985e+16 6.3461e+16 -1.79911e+29 
8.43295 -2.09098e+16 6.33904e+16 -1.66884e+29 
0 -1.65492e+16 7.11871e+16 -1.79586e+29 
2.39031e-06 -1.58255e+16 7.09375e+16 -1.668e+29 
-0.00972888 -1.246e+16 7.8455e+16 -1.79992e+29 
1.92896e-05 -1.17522e+16 7.80481e+16 -1.67316e+29 
8.47196 -1.10791e+16 7.76588e+16 -1.55433e+29 
0 -7.85144e+15 8.4865e+16 -1.68434e+29 
6.96667e-07 -7.3631e+15 8.41037e+16 -1.54657e+29 
-0.00969351 -3.85268e+15 8.92174e+16 -1.65797e+29 
3.70776e-06 -3.45598e+15 8.82756e+16 -1.52092e+29 
8.51095 -3.07649e+15 8.73821e+16 -1.39247e+29 
0 8.65907e+14 9.06499e+16 -1.49737e+29 
-2.50623e-07 1.14471e+15 8.95343e+16 -1.36999e+29 
-0.00975162 4.61959e+15 9.17064e+16 -1.47713e+29 
2.00529e-05 4.75667e+15 9.03257e+16 -1.3495e+29 
8.55298 4.89109e+15 8.90186e+16 -1.22986e+29 
0 7.28396e+15 9.08743e+16 -1.33203e+29 
2.31082e-06 7.26952e+15 8.92804e+16 -1.21255e+29 
-0.00973989 9.15882e+15 9.04777e+16 -1.31799e+29 
-7.24415e-05 8.93344e+15 8.85845e+16 -1.19758e+29 
8.59198 8.72567e+15 8.6794e+16 -1.08468e+29 
0 9.49473e+15 8.62461e+16 -1.18671e+29 
2.72172e-06 9.11057e+15 8.41568e+16 -1.07375e+29 
-0.00970857 8.64494e+15 8.23908e+16 -1.18015e+29 
3.89084e-06 8.16071e+15 8.00426e+16 -1.0661e+29 
8.63397 7.70839e+15 7.78227e+16 -9.59152e+28 
0 5.47007e+15 7.52099e+16 -1.06305e+29 
2.51086e-06 4.92956e+15 7.27617e+16 -9.55792e+28 
-0.00963939 2.67872e+15 7.01104e+16 -1.06481e+29 
-1.42715e-05 2.02699e+15 6.75589e+16 -9.56341e+28 
8.67003 1.41624e+15 6.5147e+16 -8.54597e+28 
0 -6.72522e+14 6.3124e+16 -9.62118e+28 
5.04398e-06 -1.41541e+15 6.07116e+16 -8.60255e+28 
-0.00968635 -3.90134e+15 5.83404e+16 -9.73738e+28 
8.65827e-07 -4.747e+15 5.59727e+16 -8.70856e+28 
8.71502 -5.54115e+15 5.37342e+16 -7.7434e+28 
0 -7.93072e+15 5.12562e+16 -8.86769e+28 
2.20355e-06 -8.76038e+15 4.90532e+16 -7.90144e+28 
-0.00964156 -1.11698e+16 4.59929e+16 -9.08881e+28 
-3.0119e-06 -1.20195e+16 4.38377e+16 -8.11178e+28 
8.75102 -1.28178e+16 4.17999e+16 -7.19506e+28 
0 -1.55902e+16 3.83573e+16 -8.37238e+28 
5.03056e-07 -1.63494e+16 3.6446e+16 -7.45268e+28 
-0.00959519 -1.86305e+16 3.26091e+16 -8.69365e+28 
-8.3227e-05 -1.92925e+16 3.08632e+16 -7.76085e+28 
8.79005 -1.99138e+16 2.92117e+16 -6.88549e+28 
0 -2.09983e+16 2.58511e+16 -8.11436e+28 
3.59855e-06 -2.14304e+16 2.43834e+16 -7.23322e+28 
-0.00974357 -2.21201e+16 2.10681e+16 -8.52465e+28 
-3.63339e-05 -2.23958e+16 1.97562e+16 -7.62772e+28 
8.83203 -2.26525e+16 1.85146e+16 -6.78584e+28 
0 -2.33628e+16 1.44252e+16 -8.06225e+28 
-1.62058e-06 -2.41117e+16 9.88303e+15 -9.61598e+28 
-0.00963777 -2.5395e+16 6.28295e+15 -1.12868e+29 
-3.52893e-05 -2.54047e+16 5.25842e+15 -1.04172e+29 
8.87107 -2.54102e+16 4.28851e+15 -9.60075e+28 
0 -2.68854e+16 2.37244e+15 -1.1253e+29 
3.47541e-06 -2.67846e+16 1.51561e+15 -1.04247e+29 
-0.00978218 -2.71711e+16 -8.29805e+13 -1.21353e+29 
2.51374e-05 -2.69792e+16 -8.02771e+14 -1.12854e+29 
8.91308 -2.67943e+16 -1.48465e+15 -1.04873e+29 
0 -2.61281e+16 -1.85094e+15 -1.21761e+29 
2.42288e-06 -2.58326e+16 -2.37638e+15 -1.13633e+29 
-0.00967272 -2.4978e+16 -1.23822e+15 -1.31082e+29 
4.12045e-05 -2.46096e+16 -1.59135e+15 -1.22716e+29 
8.9521 -2.4258e+16 -1.92656e+15 -1.14856e+29 
0 -2.47298e+16 6.60237e+14 -1.32057e+29 
-8.42952e-07 -2.43676e+16 4.64916e+14 -1.24026e+29 
-0.00966256 -2.51275e+16 4.31547e+15 -1.41766e+29 
-1.09665e-05 -2.47711e+16 4.25181e+15 -1.33472e+29 
8.99416 -2.4431e+16 4.19036e+15 -1.25678e+29 
0 -2.44296e+16 8.99995e+15 -1.4314e+29 
3.89685e-06 -2.4047e+16 9.33239e+15 -1.33415e+29 
-0.00968567 -2.46203e+16 1.43978e+16 -1.49294e+29 
-4.10113e-05 -2.41936e+16 1.48387e+16 -1.3929e+29 
9.03011 -2.37871e+16 1.52541e+16 -1.29885e+29 
0 -2.5147e+16 2.04255e+16 -1.44927e+29 
9.38733e-07 -2.46798e+16 2.08473e+16 -1.35309e+29 
-0.00965766 -2.70947e+16 2.52576e+16 -1.50484e+29 
5.67703e-05 -2.66344e+16 2.56773e+16 -1.40558e+29 
9.06915 -2.61963e+16 2.60728e+16 -1.31223e+29 
0 -2.93672e+16 3.03654e+16 -1.45693e+29 
3.67502e-06 -2.89883e+16 3.06982e+16 -1.36121e+29 
-0.00969554 -3.20168e+16 3.47427e+16 -1.50797e+29 
-2.69813e-05 -3.16983e+16 3.49433e+16 -1.40899e+29 
9.11413 -3.13945e+16 3.51318e+16 -1.31587e+29 
0 -3.44848e+16 3.90743e+16 -1.45657e+29 
4.65888e-06 -3.41532e+16 3.90692e+16 -1.36091e+29 
-0.00969312 -3.75379e+16 4.35178e+16 -1.50418e+29 
-7.1632e-05 -3.71663e+16 4.32758e+16 -1.40511e+29 
9.15014 -3.68124e+16 4.30457e+16 -1.31188e+29 
0 -4.21825e+16 4.77288e+16 -1.44981e+29 
-1.56111e-07 -4.18362e+16 4.72413e+16 -1.35389e+29 
-0.00960037 -4.73116e+16 5.13401e+16 -1.49493e+29 
3.3217e-05 -4.69342e+16 5.06301e+16 -1.39562e+29 
9.19217 -4.65749e+16 4.99573e+16 -1.30214e+29 
0 -5.19457e+16 5.3723e+16 -1.43888e+29 
1.43222e-06 -5.15069e+16 5.28428e+16 -1.34311e+29 
-0.0097691 -5.64955e+16 5.66695e+16 -1.48377e+29 
-4.37593e-05 -5.59252e+16 5.56488e+16 -1.38503e+29 
9.23115 -5.53836e+16 5.46822e+16 -1.29205e+29 
0 -6.06226e+16 5.90211e+16 -1.42912e+29 
1.02588e-06 -5.99215e+16 5.7928e+16 -1.33414e+29 
-0.00965908 -6.49821e+16 6.25723e+16 -1.4756e+29 
4.26961e-05 -6.41521e+16 6.1371e+16 -1.37786e+29 
9.27318 -6.33647e+16 6.02334e+16 -1.2858e+29 
0 -6.83007e+16 6.5788e+16 -1.42403e+29 
4.04419e-06 -6.73907e+16 6.45437e+16 -1.33008e+29 
-0.00976076 -7.24334e+16 7.0917e+16 -1.47293e+29 
5.51981e-05 -7.13942e+16 6.95304e+16 -1.3763e+29 
9.31222 -7.04087e+16 6.82175e+16 -1.28527e+29 
0 -7.47638e+16 7.48486e+16 -1.42504e+29 
2.62494e-06 -7.3544e+16 7.33758e+16 -1.33213e+29 
-0.00964011 -7.82978e+16 8.03123e+16 -1.47663e+29 
-1.06946e-05 -7.68604e+16 7.87146e+16 -1.38101e+29 
9.35114 -7.54982e+16 7.72019e+16 -1.29091e+29 
0 -8.16387e+16 8.48661e+16 -1.43236e+29 
-2.43997e-06 -8.84889e+16 9.29265e+16 -1.60137e+29 
-0.00971712 -9.53217e+16 1.00791e+17 -1.78093e+29 
-1.106e-05 -9.36007e+16 9.906e+16 -1.68612e+29 
9.39328 -9.19701e+16 9.74211e+16 -1.59677e+29 
0 -9.93548e+16 1.04752e+17 -1.77322e+29 
-3.5676e-07 -9.7551e+16 1.02975e+17 -1.68186e+29 
-0.00977793 -1.04113e+17 1.10177e+17 -1.86301e+29 
-1.91936e-05 -1.02154e+17 1.08247e+17 -1.7688e+29 
9.42923 -1.00299e+17 1.06419e+17 -1.67999e+29 
0 -1.06878e+17 1.14199e+17 -1.85795e+29 
7.60757e-07 -1.0488e+17 1.12174e+17 -1.76705e+29 
-0.00974924 -1.12921e+17 1.19285e+17 -1.94966e+29 
8.97673e-05 -1.10778e+17 1.17023e+17 -1.85581e+29 
9.47426 -1.08749e+17 1.14882e+17 -1.76733e+29 
0 -1.18023e+17 1.21797e+17 -1.94662e+29 
1.57227e-06 -1.15888e+17 1.19418e+17 -1.85596e+29 
-0.00971464 -1.24819e+17 1.27288e+17 -2.03982e+29 
-1.96302e-05 -1.22547e+17 1.24666e+17 -1.94617e+29 
9.51025 -1.20395e+17 1.22183e+17 -1.85785e+29 
0 -1.2974e+17 1.30792e+17 -2.03833e+29 
2.03915e-06 -1.26824e+17 1.27409e+17 -1.92938e+29 
-0.0096715 -1.34417e+17 1.34997e+17 -2.09246e+29 
6.69097e-05 -1.31311e+17 1.31418e+17 -1.98054e+29 
9.55526 -1.28371e+17 1.28031e+17 -1.87501e+29 
0 -1.34736e+17 1.35665e+17 -2.02945e+29 
9.87955e-07 -1.3158e+17 1.32123e+17 -1.92163e+29 
-0.00981731 -1.37872e+17 1.40662e+17 -2.07694e+29 
8.78101e-05 -1.34555e+17 1.3697e+17 -1.96594e+29 
9.59125 -1.31415e+17 1.33476e+17 -1.86127e+29 
0 -1.39371e+17 1.43296e+17 -2.0093e+29 
2.75398e-06 -1.36076e+17 1.3962e+17 -1.90217e+29 
-0.00967331 -1.4373e+17 1.4907e+17 -2.05184e+29 
2.67675e-05 -1.40192e+17 1.45243e+17 -1.94137e+29 
9.63028 -1.36842e+17 1.41622e+17 -1.83718e+29 
0 -1.43577e+17 1.51563e+17 -1.98059e+29 
3.21623e-06 -1.3993e+17 1.47804e+17 -1.8738e+29 
-0.00980364 -1.47e+17 1.57394e+17 -2.01942e+29 
4.58851e-06 -1.43091e+17 1.53429e+17 -1.90921e+29 
9.67225 -1.3939e+17 1.49676e+17 -1.80524e+29 
0 -1.47058e+17 1.57422e+17 -1.94536e+29 
4.75802e-08 -1.43083e+17 1.53426e+17 -1.83871e+29 
-0.0097072 -1.51552e+17 1.59983e+17 -1.9816e+29 
2.20653e-05 -1.47378e+17 1.55764e+17 -1.87156e+29 
9.71129 -1.43427e+17 1.51772e+17 -1.76773e+29 
0 -1.53706e+17 1.58203e+17 -1.90619e+29 
-3.66578e-08 -1.49636e+17 1.54003e+17 -1.80009e+29 
-0.0096968 -1.60433e+17 1.60483e+17 -1.94216e+29 
-5.06205e-05 -1.56238e+17 1.56022e+17 -1.8331e+29 
9.75333 -1.52267e+17 1.51799e+17 -1.73018e+29 
0 -1.63359e+17 1.58134e+17 -1.86852e+29 
1.41309e-06 -1.59172e+17 1.53596e+17 -1.76363e+29 
-0.00981246 -1.68789e+17 1.58912e+17 -1.90608e+29 
0.000123924 -1.64399e+17 1.54091e+17 -1.79848e+29 
9.79232 -1.60243e+17 1.49526e+17 -1.69693e+29 
0 -1.70013e+17 1.52934e+17 -1.83607e+29 
2.83278e-06 -1.65712e+17 1.48082e+17 -1.73268e+29 
-0.00997449 -1.76731e+17 1.51079e+17 -1.87621e+29 
8.09521e-05 -1.72253e+17 1.45963e+17 -1.77017e+29 
9.83432 -1.68013e+17 1.41119e+17 -1.67008e+29 
0 -1.80447e+17 1.45456e+17 -1.81046e+29 
-6.82197e-08 -1.76e+17 1.40471e+17 -1.70856e+29 
-0.00994352 -1.88066e+17 1.43992e+17 -1.85346e+29 
-6.91428e-05 -1.8336e+17 1.3892e+17 -1.74892e+29 
9.87037 -1.78904e+17 1.34119e+17 -1.65023e+29 
0 -1.90491e+17 1.37761e+17 -1.79205e+29 
-1.01498e-06 -2.03179e+17 1.42228e+17 -1.96163e+29 
-0.00999403 -2.15776e+17 1.45474e+17 -2.14138e+29 
6.6583e-05 -2.10626e+17 1.40485e+17 -2.03816e+29 
9.90932 -2.05749e+17 1.35762e+17 -1.94072e+29 
0 -2.19226e+17 1.3819e+17 -2.11737e+29 
2.86491e-06 -2.14005e+17 1.33364e+17 -2.01801e+29 
-0.0100446 -2.27276e+17 1.36262e+17 -2.19921e+29 
-2.85497e-05 -2.21803e+17 1.31369e+17 -2.09706e+29 
9.95134 -2.1662e+17 1.26737e+17 -2.00061e+29 
0 -2.28544e+17 1.30119e+17 -2.1786e+29 
-2.00117e-06 -2.40083e+17 1.33448e+17 -2.38423e+29 
-0.00999745 -2.51638e+17 1.37603e+17 -2.6001e+29 
-3.30543e-05 -2.45902e+17 1.33035e+17 -2.49878e+29 
9.99039 -2.40469e+17 1.28709e+17 -2.40311e+29 
0 -2.51884e+17 1.33065e+17 -2.61565e+29 
-1.09654e-06 -2.63262e+17 1.36739e+17 -2.85579e+29 
-0.00990392 -2.73484e+17 1.4123e+17 -3.10615e+29 
-1.8346e-05 -2.67333e+17 1.36824e+17 -3.00549e+29 
10.0324 -2.61508e+17 1.32654e+17 -2.91043e+29 
0 -2.70333e+17 1.38682e+17 -3.1574e+29 
3.45306e-06 -2.63053e+17 1.33851e+17 -3.04138e+29 
-0.0100013 -2.70055e+17 1.39728e+17 -3.27046e+29 
4.87774e-05 -2.62531e+17 1.34944e+17 -3.15157e+29 
10.0714 -2.5541e+17 1.30419e+17 -3.03934e+29 
0 -2.62245e+17 1.36389e+17 -3.25985e+29 
8.19092e-07 -2.54836e+17 1.31956e+17 -3.14548e+29 
-0.0100582 -2.6099e+17 1.37383e+17 -3.36682e+29 
5.97788e-05 -2.53295e+17 1.3298e+17 -3.24938e+29 
10.1134 -2.46011e+17 1.28815e+17 -3.1385e+29 
0 -2.52435e+17 1.33385e+17 -3.35262e+29 
-4.1656e-06 -2.58473e+17 1.37077e+17 -3.57288e+29 
-0.0100871 -2.64568e+17 1.40166e+17 -3.79737e+29 
2.76763e-05 -2.55881e+17 1.35471e+17 -3.66017e+29 
10.1525 -2.47664e+17 1.31032e+17 -3.53069e+29 
0 -2.54563e+17 1.34114e+17 -3.74422e+29 
-3.24679e-06 -2.60683e+17 1.37467e+17 -3.96127e+29 
-0.0100353 -2.66923e+17 1.39735e+17 -4.18007e+29 
-1.83347e-05 -2.57537e+17 1.34766e+17 -4.02235e+29 
10.1915 -2.48665e+17 1.30072e+17 -3.87355e+29 
0 -2.56463e+17 1.30021e+17 -4.07909e+29 
-6.42978e-07 -2.47731e+17 1.25273e+17 -3.9284e+29 
-0.0100426 -2.57108e+17 1.24646e+17 -4.13103e+29 
5.93197e-06 -2.48484e+17 1.198e+17 -3.97749e+29 
10.2335 -2.40332e+17 1.15222e+17 -3.83263e+29 
0 -2.51839e+17 1.14524e+17 -4.02535e+29 
-4.75531e-06 -2.64635e+17 1.13647e+17 -4.24633e+29 
-0.0100211 -2.7701e+17 1.13331e+17 -4.47168e+29 
3.22254e-05 -2.69028e+17 1.08618e+17 -4.32221e+29 
10.2694 -2.61483e+17 1.04165e+17 -4.18117e+29 
0 -2.74338e+17 1.05278e+17 -4.39904e+29 
1.04021e-06 -2.65819e+17 1.00239e+17 -4.23122e+29 
-0.00994106 -2.76931e+17 1.00679e+17 -4.42182e+29 
-6.81866e-06 -2.68483e+17 9.57487e+16 -4.25221e+29 
10.3145 -2.60503e+17 9.10937e+16 -4.09223e+29 
0 -2.69935e+17 9.17107e+16 -4.27334e+29 
-4.187e-07 -2.60883e+17 8.65632e+16 -4.0862e+29 
-0.0100213 -2.69391e+17 8.64154e+16 -4.23732e+29 
-1.52122e-05 -2.60423e+17 8.1424e+16 -4.04969e+29 
10.3505 -2.51955e+17 7.67141e+16 -3.87279e+29 
0 -2.62155e+17 7.68372e+16 -4.01367e+29 
-6.30976e-07 -2.5369e+17 7.24087e+16 -3.83731e+29 
-0.00992924 -2.63332e+17 7.20655e+16 -3.97716e+29 
6.87691e-07 -2.54747e+17 6.78932e+16 -3.80034e+29 
10.3926 -2.46641e+17 6.39571e+16 -3.63362e+29 
0 -2.46194e+17 6.16624e+16 -3.76651e+29 
-5.34106e-07 -2.36431e+17 5.76627e+16 -3.57387e+29 
